0,0
0,0
0.0050000000000000001,0
0.01,0.0055273661319219488
0.014999999999999999,0.020934884683739174
0.02,0.052741810415090629
0.025000000000000001,0.10941237079634325
0.029999999999999999,0.19498935186811767
0.035000000000000003,0.31751614233415543
0.040000000000000001,0.48257672360378645
0.044999999999999998,0.69378171862033766
0.050000000000000003,0.95978819765321843
0.055,1.2834796227544971
0.059999999999999998,1.6693331720935558
0.065000000000000002,2.122600408745773
0.070000000000000007,2.6454570053181765
0.074999999999999997,3.2422097003342589
0.080000000000000002,3.9152240123271556
0.085000000000000006,4.6659073275583633
0.089999999999999997,5.4971950614318077
0.095000000000000001,6.4094152878856567
0.10000000000000001,7.403308391429765
0.105,8.4789422423802687
0.11,9.6357934929002234
0.115,10.872802913836264
0.12,12.188231658824929
0.125,13.580763291820569
0.13,15.046503236266338
0.13500000000000001,16.583114445079254
0.14000000000000001,18.187333007445552
0.14499999999999999,19.854000569213134
0.14999999999999999,21.580134854861463
0.155,23.359729968983618
0.16,25.187618846507526
0.16500000000000001,27.060278150855289
0.17000000000000001,28.968485994319224
0.17499999999999999,30.90814666437236
0.17999999999999999,32.873252176986881
0.185,34.855421377704957
0.19,36.850350800566574
0.19500000000000001,38.849394685274397
0.20000000000000001,40.846025802196223
0.20499999999999999,42.835800689287026
0.20999999999999999,44.807707140625098
0.215,46.757468414842755
0.22,48.678495641883501
0.22500000000000001,50.562533414270192
0.23000000000000001,52.405745006595424
0.23499999999999999,54.20003935660921
0.23999999999999999,55.939907194579668
0.245,57.621816641980516
0.25,59.237176915285893
0.255,60.783177163354708
0.26000000000000001,62.255411732430233
0.26500000000000001,63.648700295087323
0.27000000000000002,64.960937738072474
0.27500000000000002,66.187886927953841
0.28000000000000003,67.327251217985889
0.28499999999999998,68.377689033566327
0.28999999999999998,69.336331149659415
0.29499999999999998,70.202918378804398
0.29999999999999999,70.976744079029757
0.30499999999999999,71.657856938077458
0.31,72.247015966507092
0.315,72.745176543386705
0.32000000000000001,73.154136502543295
0.32500000000000001,73.475275969452156
0.33000000000000002,73.7125563623256
0.33500000000000002,73.868472960554087
0.34000000000000002,73.946276347171121
0.34499999999999997,73.951252095684652
0.34999999999999998,73.886446023944401
0.35499999999999998,73.757881710008803
0.35999999999999999,73.570830499983657
0.36499999999999999,73.328841995391841
0.37,73.041174081475816
0.375,72.711987284547448
0.38,72.347350793880054
0.38500000000000001,71.955712458817644
0.39000000000000001,71.541438107655495
0.39500000000000002,71.113231379762709
0.40000000000000002,70.677763811132323
0.40500000000000003,70.239393248472538
0.40999999999999998,69.803741627947431
0.41499999999999998,69.370792085638499
0.41999999999999998,68.940527862221714
0.42499999999999999,68.512932302320763
0.42999999999999999,68.087988853862299
0.435,67.665681067435372
0.44,67.245992595654528
0.44500000000000001,66.828907192527126
0.45000000000000001,66.414408712824255
0.45500000000000002,66.002481111455992
0.46000000000000002,65.593108442850223
0.46500000000000002,65.186274860335317
0.46999999999999997,64.781964615526817
0.47499999999999998,64.380162057717783
0.47999999999999998,63.98085163327292
0.48499999999999999,63.584017885026583
0.48999999999999999,63.189645451684292
0.495,62.797719067228357
0.5,62.408223560326597
0.505,62.021143853745386
0.51000000000000001,61.636464963765825
0.51500000000000001,61.254171999603734
0.52000000000000002,60.874250162833349
0.52500000000000002,60.496684746814388
0.53000000000000003,60.121461136122747
0.53500000000000003,59.748564805984856
0.54000000000000004,59.377981321715311
0.54500000000000004,59.00969633815815
0.55000000000000004,58.643695599131576
0.55500000000000005,58.279964936876048
0.56000000000000005,57.918490271505974
0.56499999999999995,57.559257610464542
0.56999999999999995,57.202253047982175
0.57499999999999996,56.847462764538193
0.57999999999999996,56.494873026325884
0.58499999999999996,56.144470184720831
0.58999999999999997,55.796240675752649
0.59499999999999997,55.450171019579905
0.59999999999999998,55.106247819968246
0.60499999999999998,54.764457763771958
0.60999999999999999,54.424787620418506
0.61499999999999999,54.087224241396491
0.62,53.751754559746573
0.625,53.418365589555677
0.63,53.087044425454415
0.63500000000000001,52.757778242117375
0.64000000000000001,52.430554293766754
0.64500000000000002,52.105359913678917
0.65000000000000002,51.782182513694153
0.65500000000000003,51.461009583729286
0.66000000000000003,51.141828691293505
0.66500000000000004,50.824627481007056
0.67000000000000004,50.50939367412294
0.67500000000000004,50.196115068051732
0.68000000000000005,49.884779535889081
0.68500000000000005,49.575375025946379
0.68999999999999995,49.267889561284164
0.69499999999999995,48.962311239248571
0.69999999999999996,48.658628231010539
0.70499999999999996,48.356828781107957
0.70999999999999996,48.056901206990588
0.71499999999999997,47.758833898567815
0.71999999999999997,47.462615317759273
0.72499999999999998,47.168233998048166
0.72999999999999998,46.875678544037477
0.73499999999999999,46.584937631008778
0.73999999999999999,46.296000004483872
0.745,46.008854479789179
0.75,45.723489941622681
0.755,45.439895343623824
0.76000000000000001,45.158059707945739
0.76500000000000001,44.877972124830372
0.77000000000000002,44.599621752186181
0.77500000000000002,44.322997815168428
0.78000000000000003,44.04808960576208
0.78500000000000003,43.77488648236735
0.79000000000000004,43.503377869387698
0.79500000000000004,43.233553256820478
0.80000000000000004,42.965402199850111
0.80500000000000005,42.698914318443769
0.81000000000000005,42.439606673577359
0.81499999999999995,42.191869841244035
0.81999999999999995,41.962168733933098
0.82499999999999996,41.758957861550023
0.82999999999999996,41.58627280661247
0.83499999999999996,41.452148530584431
0.83999999999999997,41.362107852308114
0.84499999999999997,41.319795877823118
0.84999999999999998,41.333811023309032
0.85499999999999998,41.407054014123077
0.85999999999999999,41.54397636499953
0.86499999999999999,41.749873516594825
0.87,42.026908938739133
0.875,42.37937325824759
0.88,42.809521496085786
0.88500000000000001,43.31886504431457
0.89000000000000001,43.910342462741269
0.89500000000000002,44.584252816011528
0.90000000000000002,45.341324460905739
0.90500000000000003,46.181595237080167
0.91000000000000003,47.104547897745022
0.91500000000000004,48.109113441678026
0.92000000000000004,49.19354215988902
0.92500000000000004,50.356509633203189
0.93000000000000005,51.594112068099868
0.93500000000000005,52.904003477708358
0.93999999999999995,54.282910983004086
0.94499999999999995,55.725667358702943
0.94999999999999996,57.229282308063901
0.95499999999999996,58.787740739134904
0.95999999999999996,60.395867040593181
0.96499999999999997,62.050129495713534
0.96999999999999997,63.741298028363239
0.97499999999999998,65.465268557786672
0.97999999999999998,67.216024910619879
0.98499999999999999,68.985177777828895
0.98999999999999999,70.768415622186112
0.995,72.557084668476378
1,74.344647977356431
1.0049999999999999,76.126651650278816
1.01,77.892075410670785
1.0149999999999999,79.636634845116546
1.02,81.353781684991702
1.0249999999999999,83.035210993772395
1.03,84.676946652447313
1.0349999999999999,86.271011170791141
1.04,87.811887171908182
1.0449999999999999,89.296028015174883
1.05,90.714840794744532
1.0549999999999999,92.065505680602101
1.0600000000000001,93.34360583271237
1.0649999999999999,94.543955778720132
1.0700000000000001,95.664398708453135
1.075,96.70072898376479
1.0800000000000001,97.650641206244075
1.085,98.51303604464232
1.0900000000000001,99.284814686643841
1.095,99.965700425237131
1.1000000000000001,100.55501189230291
1.105,101.05275645834045
1.1100000000000001,101.45950022288281
1.115,101.77636227564273
1.1200000000000001,102.00527408918261
1.125,102.14748547162867
1.1299999999999999,102.20699821186345
1.135,102.18625827168414
1.1399999999999999,102.08855975850071
1.145,101.91907916782723
1.1499999999999999,101.68090260448223
1.155,101.38004284397793
1.1599999999999999,101.02172404112558
1.165,100.60950303102528
1.1699999999999999,100.1526590683825
1.175,99.655343447001229
1.1799999999999999,99.123623735719363
1.1850000000000001,98.565938835663871
1.1899999999999999,97.986642695906824
1.1950000000000001,97.394440732487595
1.2,96.795994950165309
1.2050000000000001,96.195629114031576
1.21,95.598986976766923
1.2150000000000001,95.006045442566744
1.22,94.416781558873438
1.2250000000000001,93.831172515489868
1.23,93.249195643696652
1.2350000000000001,92.670828415374245
1.24,92.096048442131348
1.2450000000000001,91.524833474437884
1.25,90.957161400764008
1.2549999999999999,90.393010246723989
1.26,89.83235817422559
1.2649999999999999,89.275183480624932
1.27,88.72146459788614
1.2749999999999999,88.171180091746535
1.28,87.624308660887024
1.2849999999999999,87.080829136107454
1.29,86.540720479507044
1.2949999999999999,86.003961783670363
1.3,85.470532270857461
1.3049999999999999,84.940411292200224
1.3100000000000001,84.413578326902424
1.3149999999999999,83.890012981445963
1.3200000000000001,83.369694988800887
1.325,82.852604207641292
1.3300000000000001,82.338720621565429
1.335,81.828024338320944
1.3400000000000001,81.320495589034849
1.345,80.816114727448323
1.3500000000000001,80.314862229156105
1.355,79.81671869085082
1.3600000000000001,79.321664829571773
1.365,78.829681481958673
1.3700000000000001,78.340749603509636
1.375,77.854850267844157
1.3799999999999999,77.371964665970324
1.385,76.89207410555683
1.3899999999999999,76.415160010209362
1.395,75.941203918751526
1.3999999999999999,75.47018748451022
1.405,75.002092474605377
1.4099999999999999,74.536900769244312
1.415,74.074594361020203
1.4199999999999999,73.615155354215062
1.425,73.158565964106998
1.4299999999999999,72.704808516281815
1.4350000000000001,72.253865445948705
1.4399999999999999,71.805719297260524
1.4450000000000001,71.360352722637927
1.45,70.917748482097934
1.4550000000000001,70.477889442586502
1.46,70.040758577315344
1.4650000000000001,69.606338965102822
1.47,69.174613789719146
1.4750000000000001,68.745566339234927
1.48,68.319180005374733
1.4850000000000001,67.895438282873954
1.49,67.474324768840077
1.4950000000000001,67.055823162117491
1.5,66.639917262656667
1.5049999999999999,66.226590970886846
1.51,65.815828287093041
1.5149999999999999,65.407613310796748
1.52,65.001930240140183
1.5249999999999999,64.598763371274842
1.53,64.198097097753418
1.5349999999999999,63.799915909925794
1.54,63.404204394338635
1.5449999999999999,63.010947233138786
1.55,62.620129203480218
1.5549999999999999,62.231735176934905
1.5600000000000001,61.845750118907056
1.5649999999999999,61.462159088051216
1.5700000000000001,61.080947235693905
1.575,60.702099805258797
1.5800000000000001,60.325602131695497
1.585,59.95143964091185
1.5900000000000001,59.579597849209819
1.595,59.210062362724855
1.6000000000000001,58.842818876868613
1.605,58.477853175775266
1.6100000000000001,58.120678508541921
1.615,57.775698250173598
1.6200000000000001,57.449357813715906
1.625,57.150105879706651
1.6299999999999999,56.881974542435792
1.635,56.652995970258154
1.6399999999999999,56.468741377405472
1.645,56.33278544189681
1.6499999999999999,56.253749028843394
1.655,56.234506936912481
1.6599999999999999,56.279496016495507
1.665,56.39400948217007
1.6699999999999999,56.58016044582461
1.675,56.842315031090848
1.6799999999999999,57.182825292638981
1.6850000000000001,57.603082867318044
1.6899999999999999,58.106001536707126
1.6950000000000001,58.691761111858085
1.7,59.361240756634359
1.7050000000000001,60.11449505725588
1.71,60.950976498355438
1.7150000000000001,61.869613849765571
1.72,62.868651201755895
1.7250000000000001,63.946759941324494
1.73,65.100032522058996
1.7350000000000001,66.326118555437361
1.74,67.621741840860565
1.7450000000000001,68.981731590736032
1.75,70.403094113628583
1.7549999999999999,71.879810920329362
1.76,73.406703067154012
1.7649999999999999,74.980235578213097
1.77,76.591175046564885
1.7749999999999999,78.235414196556633
1.78,79.906933656027633
1.7849999999999999,81.597340907603765
1.79,83.302321305429288
1.7949999999999999,85.013217914818412
1.8,86.723523247326014
1.8049999999999999,88.428747978114217
1.8100000000000001,90.117868834218072
1.8149999999999999,91.786598644931658
1.8200000000000001,93.428350548378191
1.825,95.034850642494177
1.8300000000000001,96.602119817617876
1.835,98.122177368813325
1.8400000000000001,99.589502383641516
1.845,101.00054258606653
1.8500000000000001,102.34670564519971
1.855,103.62516796306539
1.8600000000000001,104.83146771006631
1.865,105.96045460634335
1.8700000000000001,107.01001147983077
1.875,107.97616208522072
1.8799999999999999,108.85634848894983
1.885,109.6492218283022
1.8899999999999999,110.35189859928157
1.895,110.9641029484641
1.8999999999999999,111.48515579390111
1.905,111.91506387407949
1.9099999999999999,112.25441217183116
1.915,112.50441878014809
1.9199999999999999,112.66675978384193
1.925,112.74288660289901
1.9299999999999999,112.73674890193315
1.9350000000000001,112.65073540212425
1.9399999999999999,112.48816312693573
1.9450000000000001,112.25417833253012
1.95,111.95191956720456
1.9550000000000001,111.58739147830418
1.96,111.16577357071796
1.9650000000000001,110.69064764527907
1.97,110.1712861700212
1.9750000000000001,109.61184140613516
1.98,109.01837884856563
1.9850000000000001,108.39933403044535
1.99,107.7590578099686
1.9950000000000001,107.10625395635654
2,106.44758210401912
2.0049999999999999,105.78735342755282
2.0099999999999998,105.13121974222034
2.0150000000000001,104.47915564932012
2.02,103.83113590768143
2.0249999999999999,103.18713543268836
2.0299999999999998,102.54712929530994
2.0350000000000001,101.91109272113418
2.04,101.2790010894097
2.0449999999999999,100.65082993209248
2.0499999999999998,100.02655493289849
2.0550000000000002,99.406151926362696
2.0600000000000001,98.78959689690376
2.0649999999999999,98.176865977893812
2.0699999999999998,97.567935450735192
2.0750000000000002,96.962781743941875
2.0800000000000001,96.361381432227489
2.085,95.763711235598024
2.0899999999999999,95.16974801845096
2.0950000000000002,94.579468788679677
2.1000000000000001,93.992850696783506
2.105,93.409871034983013
2.1099999999999999,92.830507236341091
2.1150000000000002,92.254736873889456
2.1200000000000001,91.682537659760527
2.125,91.113887444324547
2.1299999999999999,90.548764215332312
2.1349999999999998,89.987146097062919
2.1400000000000001,89.429011349477022
2.145,88.874338367375586
2.1499999999999999,88.323105679563071
2.1549999999999998,87.775291948016601
2.1600000000000001,87.230875967059731
2.165,86.689836662542106
2.1699999999999999,86.152153091022882
2.1749999999999998,85.617804438960803
2.1800000000000002,85.086770021907952
2.1850000000000001,84.559029283709378
2.1899999999999999,84.03456179570739
2.1949999999999998,83.513347255950407
2.2000000000000002,82.995365488407444
2.2050000000000001,82.480596442187135
2.21,81.969020190761071
2.2149999999999999,81.460616931193115
2.2200000000000002,80.955366983372485
2.2250000000000001,80.453250789251825
2.23,79.95424891209052
2.2349999999999999,79.458342035701762
2.2400000000000002,78.965510963705327
2.2450000000000001,78.475736618784396
2.25,77.98900004194671
2.2549999999999999,77.505282391791155
2.2599999999999998,77.024564943778074
2.2650000000000001,76.54682908950457
2.27,76.072056335984342
2.2749999999999999,75.600228304931463
2.2799999999999998,75.13132673204943
2.2850000000000001,74.665333466323645
2.29,74.202230469319218
2.2949999999999999,73.741999814482554
2.2999999999999998,73.284623686447276
2.3050000000000002,72.830084380344772
2.3100000000000001,72.378364301118935
2.3149999999999999,71.929445962844738
2.3199999999999998,71.483311988051767
2.3250000000000002,71.039945107051054
2.3300000000000001,70.599328157267266
2.335,70.161444082573539
2.3399999999999999,69.726275932631793
2.3450000000000002,69.293806862236508
2.3500000000000001,68.864020130662553
2.355,68.436899101017147
2.3599999999999999,68.012427239595866
2.3650000000000002,67.59058811524261
2.3700000000000001,67.171365398713803
2.375,66.75474286204593
2.3799999999999999,66.340704377927551
2.3849999999999998,65.929233919074946
2.3900000000000001,65.520315557611823
2.395,65.113933464452685
2.3999999999999999,64.710071908690097
2.4049999999999998,64.308715256985636
2.4100000000000001,63.915375349795312
2.415,63.534460300889094
2.4199999999999999,63.172408301257278
2.4249999999999998,62.837666191111659
2.4300000000000002,62.534264108899201
2.4350000000000001,62.270234615357467
2.4399999999999999,62.051144889468311
2.4449999999999998,61.880571904525638
2.4500000000000002,61.767126083551993
2.4550000000000001,61.713711489065282
2.46,61.724744476361835
2.4649999999999999,61.805476697377514
2.4700000000000002,61.958064388695803
2.4750000000000001,62.186841769109932
2.48,62.494183166414224
2.4849999999999999,62.881481885475658
2.4900000000000002,63.351653615898648
2.4950000000000001,63.90500489194801
2.5,64.542113020311348
2.5049999999999999,65.263177025312416
2.5099999999999998,66.0676992295991
2.5150000000000001,66.954576057717503
2.52,67.922053344301489
2.5249999999999999,68.968799547024375
2.5299999999999998,70.090905269253412
2.5350000000000001,71.286019221852825
2.54,72.550863637203378
2.5449999999999999,73.880265926509097
2.5499999999999998,75.271231275888766
2.5550000000000002,76.71773985600683
2.5600000000000001,78.214611442495411
2.5649999999999999,79.75830982659761
2.5699999999999998,81.339600342712799
2.5750000000000002,82.954374522786367
2.5800000000000001,84.596611798875927
2.585,86.257918447249764
2.5899999999999999,87.933978654138144
2.5950000000000002,89.616134278622951
2.6000000000000001,91.297890474761701
2.605,92.974743140474487
2.6099999999999999,94.635667906665105
2.6150000000000002,96.276376513820324
2.6200000000000001,97.890264935956594
2.625,99.469073956395931
2.6299999999999999,101.00882301463544
2.6349999999999998,102.50153014918907
2.6400000000000001,103.94167021265366
2.645,105.3256971143778
2.6499999999999999,106.64501219760673
2.6549999999999998,107.89674562330356
2.6600000000000001,109.07652364107678
2.665,110.17914864311035
2.6699999999999999,111.20252171322113
2.6749999999999998,112.14266095803697
2.6800000000000002,112.99700027843298
2.6850000000000001,113.76417910892792
2.6899999999999999,114.44131995772331
2.6949999999999998,115.02814764097592
2.7000000000000002,115.52397455585414
2.7050000000000001,115.92881638489811
2.71,116.24327595576968
2.7149999999999999,116.46853217113443
2.7200000000000002,116.60629533090822
2.7250000000000001,116.65798425391283
2.73,116.62758811423524
2.7349999999999999,116.51746863738664
2.7400000000000002,116.33091062167497
2.7450000000000001,116.07309114780412
2.75,115.74715342202062
2.7549999999999999,115.35908915661192
2.7599999999999998,114.91408152861632
2.7650000000000001,114.4157117356404
2.77,113.87324965839467
2.7749999999999999,113.29084795178574
2.7799999999999998,112.67457092027958
2.7850000000000001,112.0328531154458
2.79,111.37004426377142
2.7949999999999999,110.69484752183746
2.7999999999999998,110.01392164938859
2.8050000000000002,109.33157316906264
2.8100000000000001,108.65345687536652
2.8149999999999999,107.97954651865977
2.8199999999999998,107.3098160121102
2.8250000000000002,106.6442394306861
2.8300000000000001,105.98279101015292
2.835,105.3254451460755
2.8399999999999999,104.6721763928274
2.8450000000000002,104.02295946260544
2.8500000000000001,103.3777692244515
2.855,102.73658070327892
2.8599999999999999,102.09936907890626
2.8650000000000002,101.46610968509616
2.8700000000000001,100.83677800860107
2.875,100.21134968821372
2.8799999999999999,99.589800513824486
2.8849999999999998,98.972106425483915
2.8900000000000001,98.358243512471802
2.895,97.748188012371514
2.8999999999999999,97.141916310149583
2.9049999999999998,96.53940493724248
2.9100000000000001,95.940630570647315
2.915,95.345570032019651
2.9199999999999999,94.754200286775983
2.9249999999999998,94.166498443202045
2.9300000000000002,93.582441751566748
2.9350000000000001,93.002007603241594
2.9399999999999999,92.4251735298255
2.9449999999999998,91.851917202274919
2.9500000000000002,91.282216430039526
2.9550000000000001,90.716049160203539
2.96,90.153393476631607
2.9649999999999999,89.594227599120742
2.9700000000000002,89.038529882556901
2.9750000000000001,88.486278816077643
2.98,87.937453022239026
2.9849999999999999,87.392031256188048
2.9900000000000002,86.849992404840535
2.9950000000000001,86.311315486063819
3,85.77597964786446
3.0049999999999999,85.243964167580899
3.0099999999999998,84.715248451081536
3.0150000000000001,84.189812031967477
3.02,83.667634570780393
3.0249999999999999,83.148695854214893
3.0299999999999998,82.632975794336318
3.0350000000000001,82.120454427803011
3.04,81.611111915093772
3.0449999999999999,81.104928539739518
3.0499999999999998,80.601884707560444
3.0550000000000002,80.101960945907052
3.0600000000000001,79.605137902907074
3.0649999999999999,79.111396346715765
3.0699999999999998,78.620717164771534
3.0750000000000002,78.133081363056306
3.0800000000000001,77.648470065360328
3.085,77.166864512551214
3.0899999999999999,76.688246061847892
3.0950000000000002,76.212596186098779
3.1000000000000001,75.739896473065187
3.105,75.27012862470788
3.1099999999999999,74.803274456479201
3.1150000000000002,74.339315896618942
3.1200000000000001,73.878234985454924
3.125,73.420013874707664
3.1299999999999999,72.964634826799696
3.1349999999999998,72.512080214168691
3.1400000000000001,72.062332518585137
3.145,71.615374330474538
3.1499999999999999,71.171188348242922
3.1549999999999998,70.729757377607712
3.1600000000000001,70.291064330931704
3.165,69.855092226561851
3.1699999999999999,69.421824188171769
3.1749999999999998,68.99124344410842
3.1800000000000002,68.563333326743191
3.1850000000000001,68.138077271826418
3.1899999999999999,67.715458817846127
3.1949999999999998,67.295461605391139
3.2000000000000002,66.878069376517431
3.2050000000000001,66.463265974119096
3.21,66.056562718146182
3.2149999999999999,65.66236947416013
3.2200000000000002,65.287121762583851
3.2250000000000001,64.939265754554341
3.23,64.62283089850213
3.2349999999999999,64.345849929408857
3.2400000000000002,64.113889270226451
3.2450000000000001,63.930527151378662
3.25,63.804366144816321
3.2549999999999999,63.738324636604823
3.2599999999999998,63.736812865595887
3.2650000000000001,63.805062049311047
3.27,63.945296929119813
3.2749999999999999,64.161740880809845
3.2799999999999998,64.45682489171918
3.2850000000000001,64.83194381448115
3.29,65.290011947828347
3.2949999999999999,65.831337471636004
3.2999999999999998,66.45648941997959
3.3050000000000002,67.165666594938457
3.3100000000000001,67.958349492816041
3.3149999999999999,68.833490933981196
3.3199999999999998,69.789303974409918
3.3250000000000002,70.824460908872041
3.3300000000000001,71.935049825604125
3.335,73.118718876592581
3.3399999999999999,74.372189628196267
3.3450000000000002,75.690289492920883
3.3500000000000001,77.070022554748348
3.355,78.505368708356045
3.3599999999999999,79.99114725112328
3.3650000000000002,81.523821513688105
3.3700000000000001,83.094156351776803
3.375,84.698042849774438
3.3799999999999999,86.32945998915325
3.3849999999999998,87.980013590665124
3.3900000000000001,89.645387406468515
3.395,91.316922846428014
3.3999999999999999,92.988130067498091
3.4049999999999998,94.654499187919669
3.4100000000000001,96.305005433701737
3.415,97.935360143455625
3.4199999999999999,99.538952729544292
3.4249999999999998,101.10752957092802
3.4300000000000002,102.63710950980672
3.4350000000000001,104.11971021195313
3.4399999999999999,105.54980652214633
3.4449999999999998,106.92385164219478
3.4500000000000002,108.2332220954835
3.4550000000000001,109.47509600781109
3.46,110.64507340398737
3.4649999999999999,111.73796135401383
3.4700000000000002,112.75192456371802
3.4750000000000001,113.68245118274923
3.48,114.52723630843701
3.4849999999999999,115.28491990722053
3.4900000000000002,115.952623085428
3.4950000000000001,116.53007195255961
3.5,117.01657892308549
3.5049999999999999,117.41215662647242
3.5099999999999998,117.71741253892942
3.5150000000000001,117.93352128557677
3.52,118.06219206715748
3.5249999999999999,118.10486007042888
3.5299999999999998,118.06549890575138
3.5350000000000001,117.94646970370823
3.54,117.75104774249884
3.5449999999999999,117.48441925628914
3.5499999999999998,117.14973144777498
3.5550000000000002,116.75296912736412
3.5600000000000001,116.29931757598503
3.5649999999999999,115.79235718180684
3.5699999999999998,115.24135799318944
3.5750000000000002,114.65047225771053
3.5800000000000001,114.02576384388331
3.585,113.37566694436623
3.5899999999999999,112.70453086853091
3.5950000000000002,112.02105854603133
3.6000000000000001,111.33190841350878
3.605,110.64138527444926
3.6099999999999999,109.95514502438409
3.6150000000000002,109.27316109919738
3.6200000000000001,108.59540709953191
3.625,107.92185678976952
3.6299999999999999,107.25248409701526
3.6349999999999998,106.5872631100882
3.6400000000000001,105.92616807851863
3.645,105.26917341155129
3.6499999999999999,104.61625367715418
3.6549999999999998,103.9673836010348
3.6600000000000001,103.32253806566116
3.665,102.68169210929032
3.6699999999999999,102.04482092500129
3.6749999999999998,101.41189985973516
3.6800000000000002,100.78290441334065
3.6850000000000001,100.15781023762601
3.6899999999999999,99.536593135416226
3.6949999999999998,98.919229059616384
3.7000000000000002,98.305694112280776
3.7050000000000001,97.69596454368812
3.71,97.090016751421913
3.7149999999999999,96.487827279456923
3.7200000000000002,95.889372817250873
3.7250000000000001,95.294630198842825
3.73,94.703576401955843
3.7349999999999999,94.116188547105779
3.7400000000000002,93.532443896715961
3.7450000000000001,92.952319854237047
3.75,92.375793963271875
3.7549999999999999,91.802843906706613
3.7599999999999998,91.233447505846726
3.7650000000000001,90.667582719558283
3.77,90.105227643415176
3.7749999999999999,89.546360508850569
3.7799999999999998,88.990959682314937
3.7850000000000001,88.439003664438189
3.79,87.890471089197618
3.7949999999999999,87.345340723090658
3.7999999999999998,86.803591464313115
3.8050000000000002,86.265202341942341
3.8100000000000001,85.730152515125241
3.8149999999999999,85.198421272271915
3.8199999999999998,84.669988030253393
3.8250000000000002,84.144832333605237
3.8300000000000001,83.622933853735759
3.835,83.104272388138909
3.8399999999999999,82.588827859612266
3.8450000000000002,82.076580315479859
3.8500000000000001,81.567509926820179
3.855,81.061596987697897
3.8599999999999999,80.558821914401591
3.8650000000000002,80.059165244685545
3.8700000000000001,79.562607637016384
3.875,79.06912986982428
3.8799999999999999,78.578712840758811
3.8849999999999998,78.091337565949971
3.8900000000000001,77.606985179272627
3.895,77.12563693161681
3.8999999999999999,76.647274190161653
3.9049999999999998,76.171878437654058
3.9100000000000001,75.699431271692262
3.915,75.229914404013172
3.9199999999999999,74.763309659784284
3.9249999999999998,74.299598976900654
3.9300000000000002,73.838764405285318
3.9350000000000001,73.380788106194586
3.9399999999999999,72.925652351527361
3.9449999999999998,72.473339523139217
3.9500000000000002,72.023832112160122
3.9550000000000001,71.577112718316712
3.96,71.133164049258909
3.9649999999999999,70.691968919890272
3.9700000000000002,70.253510251702934
3.9750000000000001,69.817771072116628
3.98,69.384734513821314
3.9849999999999999,68.954383814124597
3.9900000000000002,68.526702314302725
3.9950000000000001,68.101673458955716
4,67.679280795366537
4.0049999999999999,67.259507972864071
4.0099999999999998,66.847866119038414
4.0149999999999997,66.448765746940367
4.0199999999999996,66.068641389802892
4.0250000000000004,65.715938972648004
4.0300000000000002,65.394687692878762
4.0350000000000001,65.112920352369983
4.04,64.876202683852796
4.0449999999999999,64.688113020258086
4.0499999999999998,64.557253138085812
4.0549999999999997,64.486545663473194
4.0599999999999996,64.480397820649259
4.0650000000000004,64.544040770387966
4.0700000000000003,64.679690386600768
4.0750000000000002,64.891576059240265
4.0800000000000001,65.182129889077913
4.085,65.552745052429842
4.0899999999999999,66.006340626449983
4.0949999999999998,66.543221936565445
4.0999999999999996,67.163955414883347
4.1050000000000004,67.868739387318044
4.1100000000000003,68.657057734110737
4.1150000000000002,69.527861626532498
4.1200000000000001,70.479364819155919
4.125,71.510238723357247
4.1299999999999999,72.616571407179521
4.1349999999999998,73.796010828665359
4.1399999999999997,75.045278289484528
4.1449999999999996,76.359201009265803
4.1500000000000004,77.73478336739862
4.1550000000000002,79.166004278381337
4.1600000000000001,80.647683223209498
4.165,82.176283361799022
4.1699999999999999,83.742569372273977
4.1749999999999998,85.34243217327959
4.1799999999999997,86.969850579388847
4.1849999999999996,88.616430242571212
4.1900000000000004,90.2778547543504
4.1950000000000003,91.945465358182631
4.2000000000000002,93.612774105895213
4.2050000000000001,95.275268933348883
4.21,96.921924916935723
4.2149999999999999,98.548453246813111
4.2199999999999998,100.14824087530943
4.2249999999999996,101.71303610540825
4.2300000000000004,103.23885789883182
4.2350000000000003,104.71772028425571
4.2400000000000002,106.14410482741805
4.2450000000000001,107.51446104319588
4.25,108.82014103663826
4.2549999999999999,110.0583699701006
4.2599999999999998,111.2247254256738
4.2649999999999997,112.31401583850567
4.2699999999999996,113.3244050050579
4.2750000000000004,114.25137986845132
4.2800000000000002,115.09263483128808
4.2850000000000001,115.84681005247411
4.29,116.51102134827197
4.2949999999999999,117.08500401444296
4.2999999999999998,117.5680673260088
4.3049999999999997,117.96022204233934
4.3099999999999996,118.2620764589649
4.3150000000000004,118.47480521171659
4.3200000000000003,118.60012104475415
4.3250000000000002,118.63945597226059
4.3300000000000001,118.5967823839666
4.335,118.47446160737103
4.3399999999999999,118.27576459986297
4.3449999999999998,118.00588136369348
4.3499999999999996,117.66796064137296
4.3550000000000004,117.26798454028119
4.3600000000000003,116.81113920995426
4.3650000000000002,116.30100473559207
4.3700000000000001,115.74685122834356
4.375,115.15283078620519
4.3799999999999999,114.52500711716736
4.3849999999999998,113.87181428175406
4.3899999999999997,113.19760143536023
4.3949999999999996,112.51107142372609
4.4000000000000004,111.81888256412969
4.4050000000000002,111.12533902486449
4.4100000000000001,110.43609710827269
4.415,109.75113013404479
4.4199999999999999,109.07041158735088
4.4249999999999998,108.39391511781611
4.4299999999999997,107.72161453850089
4.4349999999999996,107.0534838248869
4.4400000000000004,106.3894971138696
4.4450000000000003,105.72962870275812
4.4500000000000002,105.07385304827871
4.4550000000000001,104.42214476558729
4.46,103.77447862728609
4.4649999999999999,103.13082956244729
4.4699999999999998,102.49117265564267
4.4749999999999996,101.85548314597885
4.4800000000000004,101.22373642613935
4.4850000000000003,100.59590804143157
4.4900000000000002,99.971973688839924
4.4950000000000001,99.3519092160859
4.5,98.735690620692367
4.5049999999999999,98.123294049054877
4.5099999999999998,97.514695795518321
4.5149999999999997,96.909872301458961
4.5199999999999996,96.308800154372491
4.5250000000000004,95.711456086968056
4.5300000000000002,95.11781697626779
4.5350000000000001,94.527859842711209
4.54,93.941561849265412
4.5449999999999999,93.358900300542089
4.5499999999999998,92.779852641918325
4.5549999999999997,92.204396458663354
4.5599999999999996,91.63250947507143
4.5650000000000004,91.064169553598958
4.5700000000000003,90.49935469400809
4.5750000000000002,89.938043032515054
4.5800000000000001,89.380212840943301
4.585,88.825842525882848
4.5899999999999999,88.274910627854482
4.5949999999999998,87.727395820478677
4.5999999999999996,87.183276909650303
4.6050000000000004,86.642532832718302
4.6100000000000003,86.105142657670186
4.6150000000000002,85.571085582322027
4.6200000000000001,85.040340933512624
4.625,84.512888166303824
4.6299999999999999,83.9887068631852
4.6349999999999998,83.467776733283401
4.6399999999999997,82.950077611576631
4.6449999999999996,82.435589458114819
4.6500000000000004,81.92429235724272
4.6550000000000002,81.41616651683016
4.6600000000000001,80.911192267505115
4.665,80.409350061892326
4.6699999999999999,79.910620473857165
4.6749999999999998,79.414984197753242
4.6799999999999997,78.922422047675056
4.6849999999999996,78.43291495671555
4.6900000000000004,77.946443976227698
4.6950000000000003,77.462990275091812
4.7000000000000002,76.982535138985384
4.7050000000000001,76.505059969659754
4.71,76.03054628421944
4.7149999999999999,75.558975714407055
4.7199999999999998,75.090330005892184
4.7249999999999996,74.624591017564811
4.7300000000000004,74.161740720832924
4.7350000000000003,73.701761198924999
4.7400000000000002,73.244634646195891
4.7450000000000001,72.790343367437885
4.75,72.338869777195953
4.7549999999999999,71.890196399086506
4.7599999999999998,71.444305865121422
4.7649999999999997,71.001180915035519
4.7699999999999996,70.560804395618206
4.7750000000000004,70.123159260049661
4.7800000000000002,69.688228567241367
4.7850000000000001,69.255995481179426
4.79,68.826443270273558
4.7949999999999999,68.399555306709146
4.7999999999999998,67.975315065803727
4.8049999999999997,67.553706125367285
4.8099999999999996,67.140239541916188
4.8150000000000004,66.739326067749204
4.8200000000000003,66.357399871316971
4.8250000000000002,66.002906786848968
4.8300000000000001,65.679875919518764
4.835,65.396340096200817
4.8399999999999999,65.157864796619776
4.8449999999999998,64.968029098833654
4.8499999999999996,64.835433076731121
4.8550000000000004,64.762999564512597
4.8600000000000003,64.755138778463262
4.8650000000000002,64.817079462296064
4.8700000000000001,64.951035030948788
4.875,65.16123647073249
4.8799999999999999,65.450116426290833
4.8849999999999998,65.819068647042101
4.8899999999999997,66.271011681856137
4.8949999999999996,66.806250917322629
4.9000000000000004,67.425351821732178
4.9050000000000002,68.128512529742224
4.9100000000000001,68.915218213589
4.915,69.784419557842838
4.9199999999999999,70.734330328444443
4.9249999999999998,71.763621713069085
4.9299999999999997,72.868381780179448
4.9349999999999996,74.046258418844673
4.9400000000000004,75.293972830611949
4.9450000000000003,76.606352162816492
4.9500000000000002,77.980400728922106
4.9550000000000001,79.410097427518338
4.96,80.890261635718957
4.9649999999999999,82.417356450291521
4.9699999999999998,83.982146483642808
4.9749999999999996,85.580522593130652
4.9800000000000004,87.206463531608321
4.9850000000000003,88.851574888623929
4.9900000000000002,90.511540196315565
4.9950000000000001,92.177700636602324
5,93.843568967799129
5.0049999999999999,95.504632312986374
5.0099999999999998,97.149865693277647
5.0149999999999997,98.774980243988793
5.0199999999999996,100.37336200335123
5.0250000000000004,101.93676003659968
5.0300000000000002,103.46119325462354
5.0350000000000001,104.93867565499961
5.04,106.36368875384622
5.0449999999999999,107.73268196684208
5.0499999999999998,109.03700735172436
5.0549999999999997,110.27388984896486
5.0599999999999996,111.43890697517733
5.0650000000000004,112.52686808749998
5.0700000000000003,113.53593664166873
5.0750000000000002,114.46159912527266
5.0800000000000001,115.30154968732043
5.085,116.05442855629369
5.0899999999999999,116.71735151074319
5.0949999999999998,117.29005363672208
5.0999999999999996,117.77184448547185
5.1050000000000004,118.16273438426629
5.1100000000000003,118.46333180289828
5.1150000000000002,118.67481161059433
5.1200000000000001,118.79888855030086
5.125,118.83699188928333
5.1299999999999999,118.79309434353961
5.1349999999999998,118.66955734896065
5.1399999999999997,118.46965019906187
5.1449999999999996,118.19856432011588
5.1500000000000004,117.85944903185708
5.1550000000000002,117.45828542277918
5.1600000000000001,117.00025997534912
5.165,116.48895266229559
5.1699999999999999,115.93363361808049
5.1749999999999998,115.33845488555031
5.1799999999999997,114.70948011345656
5.1849999999999996,114.05514331356186
5.1900000000000004,113.3797935843856
5.1950000000000003,112.69213374065151
5.2000000000000002,111.99882205553527
5.2050000000000001,111.30416246262298
5.21,110.61381141457613
5.2149999999999999,109.92774218815147
5.2199999999999998,109.245928225851
5.2249999999999996,108.56834313489703
5.2300000000000004,107.89496068620922
5.2350000000000003,107.22575481339118
5.2400000000000002,106.56069961171914
5.2450000000000001,105.89976933714102
5.25,105.24293840527906
5.2549999999999999,104.59018139043962
5.2599999999999998,103.94147302462885
5.2649999999999997,103.29678819657451
5.2699999999999996,102.65610195075463
5.2750000000000004,102.01938948643046
5.2800000000000002,101.38662615668716
5.2850000000000001,100.7577874674794
5.29,100.13284907668354
5.2949999999999999,99.511786793154783
5.2999999999999998,98.894576575791021
5.3049999999999997,98.281194532602612
5.3099999999999996,97.671616919787155
5.3150000000000004,97.065820140810033
5.3200000000000003,96.46378074549196
5.3250000000000002,95.865475429100002
5.3300000000000001,95.270881031446535
5.335,94.679974535992301
5.3399999999999999,94.092733068955113
5.3449999999999998,93.509133898424935
5.3499999999999996,92.929154433483845
5.3550000000000004,92.352772223331002
5.3600000000000003,91.77996495641473
5.3650000000000002,91.210710459567665
5.3700000000000001,90.644986697149079
5.375,90.082771770191769
5.3799999999999999,89.524043915554202
5.3849999999999998,88.968781505078056
5.3899999999999997,88.416963044751341
5.3949999999999996,87.868567173876116
5.4000000000000004,87.323572664241723
5.4050000000000002,86.78195841930291
5.4100000000000001,86.243703473363198
5.415,85.708786990763684
5.4199999999999999,85.177188265075941
5.4249999999999998,84.648886718300815
5.4299999999999997,84.123861900071716
5.4349999999999996,83.602093486863296
5.4400000000000004,83.083561281204126
5.4450000000000003,82.568245210895626
5.4500000000000002,82.056125328234288
5.4550000000000001,81.547181809240342
5.46,81.041394952889533
5.4649999999999999,80.538745180351057
5.4699999999999998,80.039213034229576
5.4749999999999996,79.542779177811838
5.4800000000000004,79.049424394318407
5.4850000000000003,78.55912958615987
5.4900000000000002,78.07187577419694
5.4950000000000001,77.587644097006461
5.5,77.106415810150878
5.5049999999999999,76.628172285453118
5.5099999999999998,76.152895010275145
5.5149999999999997,75.680565586801151
5.5199999999999996,75.211165731325792
5.5250000000000004,74.744677273546117
5.5300000000000002,74.281082155858627
5.5350000000000001,73.820362432659778
5.54,73.362500269651747
5.5449999999999999,72.907477943151449
5.5499999999999998,72.455277839405397
5.5549999999999997,72.005882453906892
5.5599999999999996,71.559274390719239
5.5650000000000004,71.115436361801713
5.5700000000000003,70.674351186340758
5.5750000000000002,70.236001790085041
5.5800000000000001,69.800371204683799
5.585,69.367442567030963
5.5899999999999999,68.937199118611545
5.5949999999999998,68.509624204853466
5.5999999999999996,68.084701274482569
5.6050000000000004,67.662413878882148
5.6100000000000003,67.248273048306444
5.6150000000000002,66.846689623459653
5.6200000000000001,66.464097637998378
5.625,66.108942892623034
5.6299999999999999,65.785254458497988
5.6349999999999998,65.501065171771145
5.6399999999999997,65.261940418959185
5.6449999999999996,65.071459559183182
5.6500000000000004,64.938222026939712
5.6550000000000002,64.865150786647121
5.6600000000000001,64.856657058746464
5.665,64.917968672474444
5.6699999999999999,65.051298272348646
5.6749999999999998,65.260877374631832
5.6799999999999997,65.549138817051556
5.6849999999999996,65.917476572228324
5.6900000000000004,66.36880898436776
5.6950000000000003,66.903441462876899
5.7000000000000002,67.521939119427387
5.7050000000000001,68.224500015788109
5.71,69.010609806808517
5.7149999999999999,69.879218998073952
5.7199999999999998,70.828541359508037
5.7249999999999996,71.857247993279231
5.7300000000000004,72.961426968930226
5.7350000000000003,74.138726150368555
5.7400000000000002,75.385866701895395
5.7450000000000001,76.697675743975594
5.75,78.071157565653806
5.7549999999999999,79.500291059065958
5.7599999999999998,80.979895563491937
5.7649999999999997,82.506434152356448
5.7699999999999996,84.070671413767798
5.7750000000000004,85.668498182433709
5.7800000000000002,87.293893188393142
5.7850000000000001,88.93846199811982
5.79,90.597888121806051
5.7949999999999999,92.263512718624355
5.7999999999999998,93.928848808813868
5.8049999999999997,95.58938321424688
5.8099999999999996,97.23409093561132
5.8150000000000004,98.858683087960188
5.8200000000000003,100.45654537103604
5.8250000000000002,102.01942713219506
5.8300000000000001,103.54334726376527
5.835,105.02031975271007
5.8399999999999999,106.44482609547229
5.8449999999999998,107.81331567073799
5.8499999999999996,109.11714052012138
5.8550000000000004,110.3535254999135
5.8600000000000003,111.51804810393834
5.8650000000000002,112.60551803189547
5.8700000000000001,113.61409861297372
5.875,114.53927616510684
5.8799999999999999,115.37874474402579
5.8849999999999998,116.13114460365655
5.8899999999999997,116.79359150991986
5.8949999999999996,117.36582046795826
5.9000000000000004,117.84714113315833
5.9050000000000002,118.2375636743342
5.9100000000000001,118.53769660782157
5.915,118.74871492112234
5.9199999999999999,118.87233407719509
5.9249999999999998,118.90998233843331
5.9299999999999997,118.86563253466305
5.9349999999999996,118.741646145785
5.9400000000000004,118.54129184311951
5.9450000000000003,118.26976158255503
5.9500000000000002,117.93020489822241
5.9550000000000001,117.52860249942438
5.96,117.07014099325957
5.9649999999999999,116.55840031082693
5.9699999999999998,116.00265059521803
5.9749999999999996,115.40704386891672
5.9800000000000004,114.77764375879663
5.9850000000000003,114.12288425861081
5.9900000000000002,113.44711444586548
5.9950000000000001,112.75903712382237
6,112.06531054936129
6.0049999999999999,111.37023856934343
6.0099999999999998,110.67947769197397
6.0149999999999997,109.99300117814487
6.0199999999999996,109.31078245459254
6.0250000000000004,108.63279511287077
6.0300000000000002,107.959012908329
6.0350000000000001,107.28940975909568
6.04,106.623959745069
6.0449999999999999,105.96263710691373
6.0499999999999998,105.30541624506367
6.0549999999999997,104.65227171873123
6.0599999999999996,104.00317824492218
6.0650000000000004,103.35811069745688
6.0700000000000003,102.71704410599834
6.0750000000000002,102.07995365508499
6.0800000000000001,101.44681468317002
6.085,100.81760268166724
6.0899999999999999,100.19229329400216
6.0949999999999998,99.570862314668773
6.0999999999999996,98.953285688293292
6.1050000000000004,98.339539508702032
6.1100000000000003,97.729600017997271
6.1150000000000002,97.123443605636069
6.1200000000000001,96.521046807517763
6.125,95.922386305074752
6.1299999999999999,95.327438924370327
6.1349999999999998,94.736181635200992
6.1399999999999997,94.148591550205708
6.1449999999999996,93.564645923979555
6.1500000000000004,92.984322152193258
6.1550000000000002,92.407597770718453
6.1600000000000001,91.834450454757771
6.165,91.264858017980686
6.1699999999999999,90.698798411665024
6.1749999999999998,90.136249723842937
6.1799999999999997,89.577190178453264
6.1849999999999996,89.021598134498163
6.1900000000000004,88.469452085205518
6.1950000000000003,87.92073065719687
6.2000000000000002,87.375412609658895
6.2050000000000001,86.833476833522639
6.21,86.294902350645117
6.2149999999999999,85.759668312998187
6.2199999999999998,85.227754001861157
6.2249999999999996,84.699138827018402
6.2300000000000004,84.173802325963067
6.2350000000000003,83.651724163104817
6.2400000000000002,83.132884128981885
6.2450000000000001,82.617262139479465
6.25,82.10483823505237
6.2549999999999999,81.595592579951884
6.2599999999999998,81.089505461458558
6.2649999999999997,80.586557289118417
6.2699999999999996,80.086728593985129
6.2750000000000004,79.590000027866125
6.2800000000000002,79.096352362573967
6.2850000000000001,78.605766489181661
6.29,78.118223417282934
6.2949999999999999,77.633704274257582
6.2999999999999998,77.152190304540625
6.3049999999999997,76.67366286889586
6.3099999999999996,76.19810344369526
6.3150000000000004,75.725493620200993
6.3200000000000003,75.255815103853777
6.3250000000000002,74.789049713563955
6.3300000000000001,74.325179381007771
6.335,73.864186149928159
6.3399999999999999,73.40605217544001
6.3449999999999998,72.95075972333855
6.3499999999999996,72.498291169413719
6.3550000000000004,72.048628998767171
6.3600000000000003,71.601755805135198
6.3650000000000002,71.157654290214026
6.3700000000000001,70.71630726299054
6.375,70.277697639077132
6.3799999999999999,69.841808440049945
6.3849999999999998,69.40862279279186
6.3899999999999997,68.978123928839267
6.3949999999999996,68.550295183732842
6.4000000000000004,68.125119996372888
6.4050000000000002,67.702581908378008
6.4100000000000001,67.288191940298276
6.415,66.886360965504224
6.4199999999999999,66.503522967845001
6.4249999999999998,66.148123735634343
6.4299999999999997,65.824192327479651
6.4349999999999996,65.539761582960111
6.4400000000000004,65.300396854190126
6.4450000000000003,65.10967760489774
6.4500000000000002,64.976203031971636
6.4550000000000001,64.902896154962662
6.46,64.894168552001048
6.4649999999999999,64.955247709770774
6.4699999999999998,65.088346009917814
6.4749999999999996,65.297695154914635
6.4800000000000004,65.585728052731156
6.4850000000000003,65.953838760013141
6.4900000000000002,66.404945544072788
6.4950000000000001,66.939353822778017
6.5,67.557628575954226
6.5049999999999999,68.259967838126926
6.5099999999999998,69.045857443162191
6.5149999999999997,69.914247830685767
6.5199999999999996,70.863352772023774
6.5250000000000004,71.891843337378205
6.5300000000000002,72.995807596807481
6.5350000000000001,74.172893404964412
6.54,75.419821912356426
6.5449999999999999,76.731420229497076
6.5499999999999998,78.10469263640104
6.5549999999999997,79.533618022739645
6.5599999999999996,81.013015713888635
6.5650000000000004,82.539348774646186
6.5700000000000003,84.103381784140339
6.5750000000000002,85.701005568707586
6.5800000000000001,87.326198849957692
6.585,88.970567185836543
6.5899999999999999,90.629794078425888
6.5949999999999998,92.295220678493038
6.5999999999999996,93.96036010317809
6.6050000000000004,95.620699062935302
6.6100000000000003,97.265212550905545
6.6150000000000002,98.889611674653892
6.6200000000000001,100.48728200875111
6.625,102.04997300486275
6.6299999999999999,103.57370354848899
6.6349999999999998,105.05048762278892
6.6399999999999997,106.47480671675264
6.6449999999999996,107.84311019535075
6.6500000000000004,109.14675009442419
6.6550000000000002,110.38295123886813
6.6600000000000001,111.54729111427159
6.665,112.63457954716861
6.6699999999999999,113.64297981989986
6.6749999999999998,114.56797818752932
6.6799999999999997,115.40726867137884
6.6849999999999996,116.15949153473721
6.6900000000000004,116.82176253904028
6.6950000000000003,117.39381665906689
6.7000000000000002,117.87496358896809
6.7050000000000001,118.26521343917203
6.71,118.56517474075956
6.7149999999999999,118.77602252934761
6.7199999999999998,118.89947253126427
6.7249999999999996,118.93695263921961
6.7300000000000004,118.89243572406491
6.7350000000000003,118.76828328246015
6.7400000000000002,118.56776375489891
6.7450000000000001,118.2960692933915
6.75,117.9563495114395
6.7549999999999999,117.55458497786537
6.7599999999999998,117.09596234603848
6.7649999999999997,116.58406153166553
6.7699999999999996,116.02815268102923
6.7750000000000004,115.4323878090914
6.7800000000000002,114.80283053464306
6.7850000000000001,114.14791484478442
6.79,113.47198980925688
6.7949999999999999,112.78375822708688
6.7999999999999998,112.08987834913275
6.8049999999999997,111.39465399021063
6.8099999999999996,110.7037416790491
6.8150000000000004,110.01711467067842
6.8200000000000003,109.33474638600943
6.8250000000000002,108.65661041080646
6.8300000000000001,107.98268049466509
6.835,107.31293054999601
6.8399999999999999,106.64733465101513
6.8449999999999998,105.98586703273996
6.8499999999999996,105.32850208999217
6.8550000000000004,104.67521437640688
6.8600000000000003,104.02597860344726
6.8650000000000002,103.38076963942532
6.8700000000000001,102.73956250852973
6.875,102.10233238985874
6.8799999999999999,101.46905461645916
6.8849999999999998,100.83970467437184
6.8899999999999997,100.21425820168253
6.8949999999999996,99.592690987578763
6.9000000000000004,98.974978971412696
6.9050000000000002,98.361098241770591
6.9100000000000001,97.751025035545638
6.915,97.144735737019346
6.9199999999999999,96.542206876946764
6.9249999999999998,95.943415131648408
6.9299999999999997,95.348337322106886
6.9349999999999996,94.756950413070172
6.9400000000000004,94.16923151215947
6.9450000000000003,93.585157868983586
6.9500000000000002,93.004706874257849
6.9550000000000001,92.427856058929024
6.96,91.854583093305465
6.9649999999999999,91.284865786192867
6.9699999999999998,90.71868208403535
6.9749999999999996,90.156010070061299
6.9800000000000004,89.596827963435544
6.9850000000000003,89.041114118416161
6.9900000000000002,88.488847023516357
6.9950000000000001,87.940005300671544
7,87.394567704412069
7.0049999999999999,86.852513121041241
7.0099999999999998,86.31382056781716
7.0149999999999997,85.778469192141245
7.0199999999999996,85.246438270750545
7.0250000000000004,84.717707208915655
7.0300000000000002,84.192255539643853
7.0350000000000001,83.67006292288616
7.04,83.151109144750791
7.0449999999999999,82.635374116720016
7.0499999999999998,82.122837874872815
7.0549999999999997,81.613480579111922
7.0599999999999996,81.107282512396267
7.0650000000000004,80.604224079977072
7.0700000000000003,80.104285808640057
7.0750000000000002,79.607448345950885
7.0800000000000001,79.113692459506723
7.085,78.622999036191402
7.0899999999999999,78.13534908143572
7.0949999999999998,77.650723718481814
7.0999999999999996,77.169104187652763
7.1050000000000004,76.690471845626547
7.1100000000000003,76.214808164713958
7.1150000000000002,75.74209473214168
7.1200000000000001,75.272313249339618
7.125,74.805445531232266
7.1299999999999999,74.341473505534836
7.1349999999999998,73.880379212053938
7.1399999999999997,73.42214480199209
7.1449999999999996,72.966752537256866
7.1500000000000004,72.514184789774333
7.1550000000000002,72.064424040806813
7.1600000000000001,71.617452880274271
7.165,71.173254006080626
7.1699999999999999,70.73181022344427
7.1749999999999998,70.293104444232043
7.1799999999999997,69.857119686298091
7.1849999999999996,69.423839072826112
7.1900000000000004,68.993245831676376
7.1950000000000003,68.565323294736515
7.2000000000000002,68.140054897276002
7.2050000000000001,67.717424177305176
7.21,67.302942151788628
7.2149999999999999,66.901019706167347
7.2199999999999998,66.518090805886004
7.2249999999999996,66.162601234681986
7.2300000000000004,65.838580046524029
7.2350000000000003,65.554060082259966
7.2400000000000002,65.314606681297533
7.2450000000000001,65.123799346118872
7.25,64.990237185633845
7.2549999999999999,64.916843240710065
7.2599999999999998,64.908029219846782
7.2649999999999997,64.969022482428812
7.2699999999999996,65.102035316099801
7.2750000000000004,65.311299490750784
7.2800000000000002,65.599247940154569
7.2850000000000001,65.967274752215801
7.29,66.418298165662264
7.2949999999999999,66.952623601492107
7.2999999999999998,67.570815990802899
7.3049999999999997,68.273073358010365
7.3099999999999996,69.058881603220854
7.3150000000000004,69.927191141714772
7.3200000000000003,70.876215745325581
7.3250000000000002,71.904626472392863
7.3300000000000001,73.008511393181507
7.335,74.18551835892977
7.3399999999999999,75.432368515045582
7.3449999999999998,76.743888968361645
7.3499999999999996,78.117083995554466
7.3550000000000004,79.545932485375147
7.3600000000000003,81.025253758070434
7.3650000000000002,82.551510875251253
7.3700000000000001,84.115468412727566
7.375,85.713017193742161
7.3799999999999999,87.338135936789982
7.3849999999999998,88.982430196666343
7.3899999999999997,90.641583472455949
7.3949999999999996,92.306936911819548
7.4000000000000004,93.972003667719591
7.4050000000000002,95.632270409423612
7.4100000000000001,97.276712127284057
7.415,98.901039926099571
7.4199999999999999,100.49863933417495
7.4249999999999998,102.06125984172944
7.4299999999999997,103.58492033174191
7.4349999999999996,105.06163478598218
7.4400000000000004,106.48588469066321
7.4450000000000003,107.85411940567944
7.4500000000000002,109.15769096476522
7.4550000000000001,110.39382418117478
7.46,111.55809653747929
7.4649999999999999,112.64531790711418
7.4699999999999998,113.65365155509744
7.4749999999999996,114.57858371323711
7.4800000000000004,115.41780839014906
7.4850000000000003,116.16996585257569
7.4900000000000002,116.83217186032061
7.4950000000000001,117.4041613768805
7.5,117.88524411076742
7.5049999999999999,118.27543015085887
7.5099999999999998,118.57532803334804
7.5149999999999997,118.78611281223517
7.5199999999999996,118.90950031079129
7.5250000000000004,118.94691828536043
7.5300000000000002,118.90233962180562
7.5350000000000001,118.77812582304536
7.54,118.57754524415975
7.5449999999999999,118.30579010968317
7.5499999999999998,117.9660100624658
7.5549999999999997,117.56418561937154
7.5599999999999996,117.1055034508969
7.5650000000000004,116.5935434670601
7.5700000000000003,116.03757581532317
7.5750000000000002,115.44175250786871
7.5800000000000001,114.81213716050124
7.585,114.15716375786251
7.5899999999999999,113.48118136682537
7.5949999999999998,112.79289278485116
7.5999999999999996,112.09895626057366
7.6050000000000004,111.40367559696767
7.6100000000000003,110.71270733034565
7.6150000000000002,110.02602471357164
7.6200000000000001,109.3436011654038
7.625,108.66541026946734
7.6299999999999999,107.99142577323204
7.6349999999999998,107.32162158699548
7.6399999999999997,106.65597178287418
7.6449999999999996,105.99445059379892
7.6500000000000004,105.33703241251774
7.6550000000000002,104.68369179060497
7.6600000000000001,104.03440343747546
7.665,103.38914221940605
7.6699999999999999,102.74788315856246
7.6749999999999998,102.11060143203305
7.6799999999999997,101.4772723708667
7.6849999999999996,100.84787145911879
7.6900000000000004,100.22237433290222
7.6950000000000003,99.600756779443856
7.7000000000000002,98.982994736147432
7.7050000000000001,98.369064289662205
7.71,97.758941674957072
7.7149999999999999,97.152603274400846
7.7199999999999998,96.550025616847961
7.7249999999999996,95.951185376729981
7.7300000000000004,95.356059373152121
7.7350000000000003,94.764624568997007
7.7400000000000002,94.176858070031912
7.7450000000000001,93.592737124022932
7.75,93.012239119854442
7.7549999999999999,92.43534158665345
7.7599999999999998,91.862022192919838
7.7649999999999997,91.29225874566194
7.7699999999999996,90.726029189537982
7.7750000000000004,90.163311606001344
7.7800000000000002,89.604084212453145
7.7850000000000001,89.048325361398057
7.79,88.496013539607077
7.7949999999999999,87.947127367284438
7.7999999999999998,87.401645597239991
7.8049999999999997,86.859547114066714
7.8099999999999996,86.320810933323813
7.8150000000000004,85.785416200723404
7.8200000000000003,85.25334219132445
7.8250000000000002,84.724568308729744
7.8300000000000001,84.199074084288839
7.835,83.676839176305705
7.8399999999999999,83.157843369251069
7.8449999999999998,82.642066572980525
7.8499999999999996,82.129488821956031
7.8550000000000004,81.620090274473696
7.8600000000000003,81.11385121189565
7.8650000000000002,80.610752037886243
7.8700000000000001,80.110773277653848
7.875,79.613895577197098
7.8799999999999999,79.120099702555351
7.8849999999999998,78.629366539064534
7.8899999999999997,78.141677090617151
7.8949999999999996,77.657012478926532
7.9000000000000004,77.175353942796377
7.9050000000000002,76.696682837394974
7.9100000000000001,76.220980633532605
7.915,75.748228916944541
7.9199999999999999,75.278409387578733
7.9249999999999998,74.811503858886951
7.9299999999999997,74.3474942571208
7.9349999999999996,73.886362620632497
7.9400000000000004,73.428091099178701
7.9450000000000003,72.972661953230798
7.9500000000000002,72.520057553287074
7.9550000000000001,72.070260379190771
7.96,71.623253019451994
7.9649999999999999,71.179018170573642
7.9699999999999998,70.737538636381345
7.9749999999999996,70.298797327358045
7.9800000000000004,69.862777259982266
7.9850000000000003,69.429461556071288
7.9900000000000002,68.998833442126937
7.9950000000000001,68.57087624868683
8,68.145573409679059
8.0050000000000008,67.722908461780662
8.0099999999999998,67.308392420631236
8.0150000000000006,66.906436176131649
8.0199999999999996,66.523473686926692
8.0250000000000004,66.167950735062277
8.0299999999999994,65.843896372793466
8.0350000000000001,65.559343441436994
8.0399999999999991,65.319857275706227
8.0449999999999999,65.129017392416557
8.0500000000000007,64.995422867944853
8.0549999999999997,64.921996751163761
8.0600000000000005,64.913150798499956
8.0649999999999995,64.974112322197257
8.0700000000000003,65.10709357560026
8.0749999999999993,65.316326353318189
8.0800000000000001,65.604243598637396
8.0850000000000009,65.972239411041642
8.0899999999999999,66.42323201867292
8.0950000000000006,66.957526843687305
8.0999999999999996,67.575688799174756
8.1050000000000004,68.27791590581063
8.1099999999999994,69.06369408818874
8.1150000000000002,69.931973752598154
8.1199999999999992,70.880968671058938
8.125,71.90934989752013
8.1300000000000008,73.013205502324055
8.1349999999999998,74.190183335448893
8.1400000000000006,75.437004540417689
8.1449999999999996,76.748496222703054
8.1500000000000004,78.121662657748118
8.1549999999999994,79.550482733959797
8.1600000000000001,81.029775769695192
8.1649999999999991,82.556004825383781
8.1699999999999999,84.119934475612197
8.1750000000000007,85.717455542479655
8.1799999999999997,87.342546743328654
8.1850000000000005,88.986813631791591
8.1899999999999995,90.645939705843304
8.1950000000000003,92.311266111999586
8.1999999999999993,93.976306016460256
8.2050000000000001,95.63654607327291
8.2100000000000009,97.280961271759878
8.2149999999999999,98.905262715696196
8.2200000000000006,100.50283591629092
8.2249999999999996,102.06543037800853
8.2300000000000004,103.58906498289767
8.2349999999999994,105.0657537122172
8.2400000000000002,106.489978051149
8.2449999999999992,107.85818735771255
8.25,109.16173366486706
8.2550000000000008,110.39784178156013
8.2599999999999998,111.5620891892506
8.2650000000000006,112.64928577870916
8.2699999999999996,113.65759480855174
8.2750000000000004,114.58250250198934
8.2799999999999994,115.42170286294458
8.2850000000000001,116.17383615943494
8.2899999999999991,116.83601815066393
8.2949999999999999,117.40798379595142
8.3000000000000007,117.88904280912116
8.3049999999999997,118.27920527108947
8.3100000000000005,118.57907971989395
8.3149999999999995,118.78984121640961
8.3200000000000003,118.91320561967716
8.3249999999999993,118.95060063568526
8.3300000000000001,118.90599915582352
8.3350000000000009,118.7817626853318
8.3399999999999999,118.58115954771324
8.3450000000000006,118.30938199430756
8.3499999999999996,117.96957967881227
8.3550000000000004,117.56773309888558
8.3599999999999994,117.10902893135652
8.3650000000000002,116.59704708414131
8.3699999999999992,116.04105770513759
8.375,115.4452128055008
8.3800000000000008,114.81557599993269
8.3849999999999998,114.16058127216692
8.3900000000000006,113.48457768801525
8.3949999999999996,112.79626804436163
8.4000000000000004,112.10231058901719
8.4049999999999994,111.40700912058135
8.4100000000000001,110.71602017816909
8.4149999999999991,110.02931701384396
8.4199999999999999,109.34687304556851
8.4250000000000007,108.66866185617791
8.4299999999999997,107.99465719235658
8.4350000000000005,107.32483296362109
8.4399999999999995,106.6591632413121
8.4450000000000003,105.99762225758921
8.4499999999999993,105.34018440443478
8.4550000000000001,104.68682423266048
8.4600000000000009,104.03751645092551
8.4649999999999999,103.39223592475436
8.4700000000000006,102.7509576755652
8.4749999999999996,102.11365687970381
8.4800000000000004,101.48030886748063
8.4849999999999994,100.85088912221808
8.4900000000000002,100.22537327929922
8.4949999999999992,99.603737125226814
8.5,98.985956596684119
8.5050000000000008,98.37200777960517
8.5099999999999998,97.761866908248294
8.5150000000000006,97.155510364274534
8.5199999999999996,96.552914675836959
8.5250000000000004,95.954056516668572
8.5299999999999994,95.358912705181424
8.5350000000000001,94.767460203568064
8.5399999999999991,94.179676116911551
8.5449999999999999,93.595537692296247
8.5500000000000007,93.015022317930544
8.5549999999999997,92.438107522268922
8.5600000000000005,91.864770973143152
8.5649999999999995,91.294990476897709
8.5700000000000003,90.728743977530087
8.5749999999999993,90.166009555838812
8.5800000000000001,89.606765428572231
8.5850000000000009,89.050989947587851
8.5899999999999999,88.498661599012792
8.5950000000000006,87.949759002411483
8.5999999999999996,87.404260909958154
8.6050000000000004,86.862146205613485
8.6099999999999994,86.323393904309441
8.6150000000000002,85.787983151133758
8.6199999999999992,85.255893220525479
8.625,84.727103515470603
8.6300000000000008,84.201593566706492
8.6349999999999998,83.679343031928568
8.6400000000000006,83.160331695002313
8.6449999999999996,82.644539465182476
8.6500000000000004,82.131946376333318
8.6549999999999994,81.622532586157746
8.6600000000000001,81.116278375427129
8.6649999999999991,80.613164147220047
8.6699999999999999,80.113170426161645
8.6750000000000007,79.616277857671577
8.6799999999999997,79.122467207213916
8.6850000000000005,78.631719359552548
8.6899999999999995,78.14401531801137
8.6950000000000003,77.659336203738675
8.6999999999999993,77.177663254977489
8.7050000000000001,76.698977826337426
8.7100000000000009,76.22326138807442
8.7149999999999999,75.750495525373182
8.7200000000000006,75.280661937633511
8.7249999999999996,74.813742437763494
8.7300000000000004,74.349718951473804
8.7349999999999994,73.888573516578916
8.7400000000000002,73.430288282301618
8.7449999999999992,72.97484550858249
8.75,72.522227565392029
8.7550000000000008,72.072416932049464
8.7599999999999998,71.625396196544102
8.7650000000000006,71.181148054860458
8.7699999999999996,70.739655310309999
8.7750000000000004,70.300900872864077
8.7799999999999994,69.864867758493588
8.7850000000000001,69.43153908851005
8.7899999999999991,69.000898088913928
8.7949999999999999,68.572928089743556
8.8000000000000007,68.147612524431622
8.8049999999999997,67.724934929162643
8.8100000000000005,67.31040631908634
8.8149999999999995,66.908437585752012
8.8200000000000003,66.525462685290847
8.8249999999999993,66.16992739912483
8.8300000000000001,65.845860778875462
8.8350000000000009,65.561295666032464
8.8399999999999999,65.321797393574968
8.8450000000000006,65.130945483616486
8.8499999999999996,64.997339000509498
8.8550000000000004,64.923900996101779
8.8599999999999994,64.915043244496232
8.8650000000000002,64.975993040503553
8.8699999999999992,65.108962624854456
8.875,65.318183801265121
8.8800000000000008,65.60608951653434
8.8849999999999998,65.9740738744281
8.8900000000000006,66.425055099174358
8.8949999999999996,66.959338613356067
8.9000000000000004,67.577489323410376
8.9049999999999994,68.279705248628389
8.9100000000000001,69.065472322655538
8.9149999999999991,69.933740948457512
8.9199999999999999,70.882724898122717
8.9250000000000007,71.911095223978904
8.9299999999999997,73.014939996396166
8.9350000000000005,74.191907064889079
8.9399999999999995,75.438717572281391
8.9450000000000003,76.750198623543383
8.9499999999999993,78.123354493662305
8.9550000000000001,79.552164070921151
8.9600000000000009,81.031446672974624
8.9649999999999999,82.55766535981877
8.9700000000000006,84.121584705586258
8.9749999999999996,85.719095531952377
8.9800000000000004,87.344176555837848
8.9849999999999994,88.98843333044077
8.9900000000000002,90.647549353332167
8.9949999999999992,92.312865770598805
9,93.977895753334423
9.0050000000000008,95.638125949962173
9.0099999999999998,97.282531349422783
9.0150000000000006,98.906823055115311
9.0199999999999996,100.50438657192826
9.0250000000000004,102.06697140959375
9.0299999999999994,103.59059644981373
9.0350000000000001,105.06727567366114
9.0399999999999991,106.49149056593515
9.0449999999999999,107.85969048396416
9.0500000000000007,109.16322746041955
9.0549999999999997,110.39932630265454
9.0600000000000005,111.563564491722
9.0649999999999995,112.65075192479627
9.0700000000000003,113.65905185812755
9.0749999999999993,114.58395051174971
9.0800000000000001,115.42314188785168
9.0850000000000009,116.17526625492125
9.0899999999999999,116.83743937194153
9.0950000000000006,117.4093961966875
9.0999999999999996,117.89044644494604
9.1050000000000004,118.28060019469336
9.1099999999999994,118.58046598464136
9.1150000000000002,118.79121887821698
9.1199999999999992,118.91457474767063
9.125,118.95196128038914
9.1300000000000008,118.90735136980123
9.1349999999999998,118.78310652200591
9.1400000000000006,118.58249504883587
9.1449999999999996,118.3107092115372
9.1500000000000004,117.97089866781539
9.1549999999999994,117.56904390823145
9.1600000000000001,117.11033161195465
9.1649999999999991,116.59834168612474
9.1699999999999999,116.04234427879965
9.1750000000000007,115.44649140075647
9.1799999999999997,114.81684666628867
9.1850000000000005,114.16184405879356
9.1899999999999995,113.4858326436926
9.1950000000000003,112.79751521765483
9.1999999999999993,112.10355002818829
9.2050000000000001,111.40824087227615
9.2100000000000009,110.71724429006774
9.2149999999999999,110.03053353333175
9.2200000000000006,109.34808201973676
9.2249999999999996,108.66986333182543
9.2300000000000004,107.99585121599173
9.2349999999999994,107.32601958146445
9.2400000000000002,106.66034249929687
9.2449999999999992,105.99879420136449
9.25,105.34134907936532
9.2550000000000008,104.68798168383127
9.2599999999999998,104.03866672314084
9.2650000000000006,103.39337906254069
9.2699999999999996,102.7520937231732
9.2750000000000004,102.11478588110906
9.2799999999999994,101.48143086638687
9.2850000000000001,100.85200416205707
9.2899999999999991,100.2264814032339
9.2949999999999999,99.60483837615196
9.3000000000000007,98.987051017229291
9.3049999999999997,98.373095412135385
9.3100000000000005,97.762947794864701
9.3149999999999995,97.156584546818507
9.3200000000000003,96.553982195889247
9.3249999999999993,95.955117415552465
9.3300000000000001,95.359967023963804
9.3350000000000009,94.768507983061482
9.3399999999999999,94.18071739767521
9.3450000000000006,93.596572514637856
9.3499999999999996,93.016050721907789
9.3550000000000004,92.439129547690825
9.3599999999999994,91.86578665957191
9.3650000000000002,91.29599986365011
9.3699999999999992,90.729747103679529
9.375,90.167006460215305
9.3800000000000008,89.60775614976599
9.3849999999999998,89.051974523949383
9.3900000000000006,88.499640068654315
9.3949999999999996,87.950731403209645
9.4000000000000004,87.405227279553785
9.4049999999999994,86.863106581415252
9.4100000000000001,86.324348323492472
9.4149999999999991,85.78893165064359
9.4199999999999999,85.25683583707756
9.4250000000000007,84.728040285553661
9.4299999999999997,84.202524526582565
9.4350000000000005,83.680268217634648
9.4399999999999995,83.161251142352526
9.4450000000000003,82.645453209767865
9.4499999999999993,82.132854453525184
9.4550000000000001,81.623435031106951
9.4600000000000009,81.11717522306698
9.4649999999999999,80.614055432267065
9.4700000000000006,80.114056183117313
9.4749999999999996,79.617158120823618
9.4800000000000004,79.123342010636605
9.4849999999999994,78.632588737109245
9.4900000000000002,78.144879303355253
9.4949999999999992,77.660194830314694
9.5,77.178516556022331
9.5050000000000008,76.699825834882304
9.5099999999999998,76.224104136945542
9.5150000000000006,75.751333047193057
9.5199999999999996,75.281494264822641
9.5250000000000004,74.814569602540587
9.5299999999999994,74.350540985858103
9.5350000000000001,73.88939045239114
9.5399999999999991,73.431100151165282
9.5449999999999999,72.975652341924288
9.5500000000000007,72.523029394444279
9.5549999999999997,72.073213787850847
9.5600000000000005,71.62618810994023
9.5649999999999995,71.181935056506461
9.5700000000000003,70.74043743067017
9.5749999999999993,70.301678142214456
9.5800000000000001,69.865640206921455
9.5850000000000009,69.432306745916947
9.5899999999999999,69.001660985015633
9.5950000000000006,68.573686254071518
9.5999999999999996,68.148365986334014
9.6050000000000004,67.725683717805424
9.6099999999999994,67.311150463455235
9.6150000000000002,66.909177115441082
9.6199999999999992,66.526197628966187
9.625,66.170657785221081
9.6300000000000008,65.84658663559361
9.6349999999999998,65.562017021637729
9.6400000000000006,65.322514275691063
9.6449999999999996,65.131657921825834
9.6500000000000004,64.998047019950278
9.6549999999999994,64.924604623014361
9.6600000000000001,64.91574251164775
9.6649999999999991,64.976687974217484
9.6699999999999999,65.109653246801656
9.6750000000000007,65.318870136477869
9.6799999999999997,65.606771591342266
9.6850000000000005,65.974751716743967
9.6899999999999995,66.425728735463863
9.6950000000000003,66.960008070243248
9.6999999999999993,67.578154625059724
9.7050000000000001,68.28036641869457
9.7100000000000009,69.06612938813646
9.7149999999999999,69.934393935124376
9.7200000000000006,70.88337383177165
9.7249999999999996,71.911740129805366
9.7300000000000004,73.015580899608423
9.7349999999999994,74.1925439905215
9.7400000000000002,75.439350545111665
9.7449999999999992,76.750827668163609
9.75,78.123979634495186
9.7550000000000008,79.552785332344243
9.7599999999999998,81.032064079104941
9.7650000000000006,82.55827893461462
9.7699999999999996,84.122194472837151
9.7750000000000004,85.719701515293409
9.7799999999999994,87.344778778743986
9.7850000000000001,88.989031816233165
9.7899999999999991,90.648144125174326
9.7949999999999999,92.313456851503034
9.8000000000000007,93.978483168117464
9.8049999999999997,95.638709721363369
9.8100000000000005,97.283111500041855
9.8149999999999995,98.907399607410383
9.8200000000000003,100.50495954602421
9.8249999999999993,102.06754082755825
9.8300000000000001,103.59116233359197
9.8350000000000009,105.06783804512463
9.8399999999999999,106.49204944681706
9.8450000000000006,107.86024589574082
9.8499999999999996,109.16377942445962
9.8550000000000004,110.39987483974261
9.8599999999999994,111.56410962248771
9.8650000000000002,112.65129367223759
9.8699999999999992,113.6595902443668
9.875,114.58448555773781
9.8800000000000008,115.42367361389654
9.8849999999999998,116.17579468150593
9.8900000000000006,116.83796451946779
9.8949999999999996,117.40991808498431
9.9000000000000004,117.89096509456954
9.9049999999999994,118.28111562511268
9.9100000000000001,118.58097821557422
9.9149999999999991,118.79172793032532
9.9199999999999999,118.91508064649682
9.9250000000000007,118.95246404460244
9.9299999999999997,118.90785101882413
9.9350000000000005,118.78360307557828
9.9399999999999995,118.58298852238555
9.9450000000000003,118.31119962415177
9.9499999999999993,117.97138604006416
9.9550000000000001,117.56952825806084
9.9600000000000009,117.11081295817603
9.9649999999999999,116.59882004726225
9.9700000000000006,116.04281967343715
9.9749999999999996,115.44696384733753
9.9800000000000004,114.81731618310634
9.9849999999999994,114.16231066401728
9.9900000000000002,113.48629635534567
9.9949999999999992,112.79797605368324
