0,0
0,0
0.0050000000000000001,0
0.01,0.0056691162066825731
0.014999999999999999,0.02147169989337501
0.02,0.054094188327116217
0.025000000000000001,0.11221784029386557
0.029999999999999999,0.19998910386454283
0.035000000000000003,0.32565760789431031
0.040000000000000001,0.4949505119213094
0.044999999999999998,0.71157101996667127
0.050000000000000003,0.98439817813159447
0.055,1.3163893837238485
0.059999999999999998,1.7121366141882175
0.065000000000000002,2.1770260880581311
0.070000000000000007,2.7132892644362605
0.074999999999999997,3.3253433111662689
0.080000000000000002,4.0156144010087278
0.085000000000000006,4.7855460072395823
0.089999999999999997,5.6381488121405834
0.095000000000000001,6.5737593017977822
0.10000000000000001,7.5931368447516965
0.105,8.6963510509682767
0.11,9.8828651541834915
0.115,11.151592765527441
0.12,12.500750452822224
0.125,13.928988025271879
0.13,15.432311045379128
0.13500000000000001,17.008322541773229
0.14000000000000001,18.65367491361604
0.14499999999999999,20.363077541269238
0.14999999999999999,22.133471680638607
0.155,23.958697438973751
0.16,25.83345526235642
0.16500000000000001,27.754131472280463
0.17000000000000001,29.711267722337002
0.17499999999999999,31.700663281744447
0.17999999999999999,33.716156115602139
0.185,35.74915016805636
0.19,37.795231627865014
0.19500000000000001,39.845533048573763
0.20000000000000001,41.893359834903315
0.20499999999999999,43.934154590633582
0.20999999999999999,45.956622745638533
0.215,47.956377898467466
0.22,49.926662234838126
0.22500000000000001,51.859008668833553
0.23000000000000001,53.749482096918456
0.23499999999999999,55.589783994441795
0.23999999999999999,57.374263828357648
0.245,59.099299159135086
0.25,60.756078926745879
0.255,62.341720206964318
0.26000000000000001,63.851704380550679
0.26500000000000001,65.280718291166281
0.27000000000000002,66.626602848303065
0.27500000000000002,67.885012274095246
0.28000000000000003,69.053591033441535
0.28499999999999998,70.130963152381952
0.28999999999999998,71.114185836001781
0.29499999999999998,72.002993251068972
0.29999999999999999,72.796660636677046
0.30499999999999999,73.495237928468057
0.31,74.099503598647402
0.315,74.610437523737389
0.32000000000000001,75.02988363581558
0.32500000000000001,75.359257448337857
0.33000000000000002,75.602621954106141
0.33500000000000002,75.762536413757928
0.34000000000000002,75.842334758643645
0.34499999999999997,75.847438090182251
0.34999999999999998,75.780970323942341
0.35499999999999998,75.649109488619402
0.35999999999999999,75.45726209296879
0.36499999999999999,75.209068754145406
0.37,74.914024739151174
0.375,74.576397254319943
0.38,74.202411109362814
0.38500000000000001,73.800730765072842
0.39000000000000001,73.375833994020681
0.39500000000000002,72.936647605770787
0.40000000000000002,72.490014201398267
0.40500000000000003,72.040403367679929
0.40999999999999998,71.59358119256261
0.41499999999999998,71.149530379719678
0.41999999999999998,70.708233740100766
0.42499999999999999,70.269674191268678
0.42999999999999999,69.833834756737971
0.435,69.400698565317853
0.44,68.970248850459143
0.44500000000000001,68.542468949605251
0.45000000000000001,68.117342303547062
0.45500000000000002,67.694852455782069
0.46000000000000002,67.274983051877342
0.46500000000000002,66.857717838836308
0.46999999999999997,66.443040664469805
0.47499999999999998,66.030935476770651
0.47999999999999998,65.621386323292455
0.48499999999999999,65.21437735053189
0.48999999999999999,64.80989280331525
0.495,64.40791702418835
0.5,64.008434452810562
0.505,63.611429625352528
0.51000000000000001,63.216887173897383
0.51500000000000001,62.824791825845992
0.52000000000000002,62.43512840332572
0.52500000000000002,62.047881822602974
0.53000000000000003,61.663037093499184
0.53500000000000003,61.280579318810659
0.54000000000000004,60.900493693731875
0.54500000000000004,60.522765505282322
0.55000000000000004,60.14738013173708
0.55500000000000005,59.774323042060757
0.56000000000000005,59.403579795344996
0.56499999999999995,59.035136040249512
0.56999999999999995,58.668977514446496
0.57499999999999996,58.305090044068578
0.57999999999999996,57.943459543160124
0.58499999999999996,57.58407201313203
0.58999999999999997,57.226913542219783
0.59499999999999997,56.871970304944952
0.59999999999999998,56.519228561580015
0.60499999999999998,56.168674657616542
0.60999999999999999,55.820295023236547
0.61499999999999999,55.474076172787264
0.62,55.130004704259122
0.625,54.788067298766961
0.63,54.448250720034423
0.63500000000000001,54.110541813881618
0.64000000000000001,53.774927507715894
0.64500000000000002,53.441394810025876
0.65000000000000002,53.10993080987847
0.65500000000000003,52.780522676419167
0.66000000000000003,52.453157658375297
0.66500000000000004,52.127823083562518
0.67000000000000004,51.804506358394157
0.67500000000000004,51.483194967393871
0.68000000000000005,51.163876472711031
0.68500000000000005,50.846538513639345
0.68999999999999995,50.531168806138375
0.69499999999999995,50.21775514235798
0.69999999999999996,49.906285390165813
0.70499999999999996,49.596747492677579
0.70999999999999996,49.289129467790502
0.71499999999999997,48.983419407719332
0.71999999999999997,48.679605478535471
0.72499999999999998,48.377675919708921
0.72999999999999998,48.077619043652938
0.73499999999999999,47.779423235271707
0.73999999999999999,47.483076951510682
0.745,47.188568720909728
0.75,46.895887143159136
0.755,46.605020888658274
0.76000000000000001,46.31595869807704
0.76500000000000001,46.028689381919975
0.77000000000000002,45.743201820093205
0.77500000000000002,45.459484961473905
0.78000000000000003,45.177527823482592
0.78500000000000003,44.897319491657868
0.79000000000000004,44.618849119234071
0.79500000000000004,44.34210592672131
0.80000000000000004,44.067079201488227
0.80500000000000005,43.793758297347296
0.81000000000000005,43.52780173837661
0.81499999999999995,43.273712678986037
0.81999999999999995,43.038121799165857
0.82499999999999996,42.829700390976768
0.82999999999999996,42.65258751356825
0.83499999999999996,42.515024152888586
0.83999999999999997,42.422674738860238
0.84499999999999997,42.379277841916775
0.84999999999999998,42.393652349992777
0.85499999999999998,42.468773366373185
0.85999999999999999,42.609206547163993
0.86499999999999999,42.820383113253079
0.87,43.104522008004515
0.875,43.466023874300262
0.88,43.907201555208381
0.88500000000000001,44.429605195130961
0.89000000000000001,45.036248701787777
0.89500000000000002,45.727438808230019
0.90000000000000002,46.503922547037419
0.90500000000000003,47.365738728118949
0.91000000000000003,48.312356841964373
0.91500000000000004,49.34268047708219
0.92000000000000004,50.454915060154434
0.92500000000000004,51.647702212544488
0.93000000000000005,52.91703804346978
0.93500000000000005,54.260516412547027
0.93999999999999995,55.674780520778597
0.94499999999999995,57.154530649926919
0.94999999999999996,58.696699828977316
0.95499999999999996,60.295118732853375
0.95999999999999996,61.944479042251395
0.96499999999999997,63.641158483608748
0.96999999999999997,65.37569031217653
0.97499999999999998,67.143865214360332
0.97999999999999998,68.939512755942232
0.98499999999999999,70.754028517402048
0.98999999999999999,72.582990409276292
0.995,74.417522764679134
1,76.250921030012179
1.0049999999999999,78.078617104619582
1.01,79.889308140733959
1.0149999999999999,81.678599868210782
1.02,83.439776114526552
1.0249999999999999,85.164318995632485
1.03,86.848150440750089
1.0349999999999999,88.483088408631659
1.04,90.063474051202846
1.0449999999999999,91.585669788304813
1.05,93.040862383181945
1.0549999999999999,94.426159702510446
1.0600000000000001,95.737031653910933
1.0649999999999999,96.968159804230908
1.0700000000000001,98.117332040508145
1.075,99.180234887841877
1.0800000000000001,100.15450383447545
1.085,101.03901136112366
1.0900000000000001,101.83057919919011
1.095,102.52892354661283
1.1000000000000001,103.13334556435295
1.105,103.64385281183027
1.1100000000000001,104.06102590390358
1.115,104.38601262501204
1.1200000000000001,104.62079397229498
1.125,104.76665180017702
1.1299999999999999,104.82769050789697
1.135,104.80641877416792
1.1399999999999999,104.7062151707247
1.145,104.53238892341128
1.1499999999999999,104.28810526863317
1.155,103.97953115516012
1.1599999999999999,103.61202468999485
1.165,103.18923390976857
1.1699999999999999,102.72067599862265
1.175,102.21060869398298
1.1799999999999999,101.66525514336138
1.1850000000000001,101.09327062990742
1.1899999999999999,100.49912074234884
1.1950000000000001,99.891734112594406
1.2,99.277943566030416
1.2050000000000001,98.662183733931371
1.21,98.050243080160683
1.2150000000000001,97.442097916713536
1.22,96.837724702505241
1.2250000000000001,96.237100042461833
1.23,95.640200686614619
1.2350000000000001,95.047003529200026
1.24,94.457485607765449
1.2450000000000001,93.871624102280023
1.25,93.289396334251492
1.2549999999999999,92.710779765848429
1.26,92.135751999027477
1.2649999999999999,91.564290774666702
1.27,90.996373971703676
1.2749999999999999,90.431979606279285
1.28,89.87108583088667
1.2849999999999999,89.313670933525685
1.29,88.759713336862276
1.2949999999999999,88.209191597393328
1.3,87.662084404616451
1.3049999999999999,87.11837058020518
1.3100000000000001,86.578029077189143
1.3149999999999999,86.041038979139472
1.3200000000000001,85.507379499358734
1.325,84.977029980076892
1.3300000000000001,84.449969891651023
1.335,83.926178831771082
1.3400000000000001,83.405636524669873
1.345,82.888322820338303
1.3500000000000001,82.374217693745337
1.355,81.863301244062939
1.3600000000000001,81.355553693895473
1.365,80.850955388514464
1.3700000000000001,80.34948679509742
1.375,79.851128501972042
1.3799999999999999,79.3558612178646
1.385,78.863665771153222
1.3899999999999999,78.374523109125789
1.395,77.888414297242335
1.3999999999999999,77.40532051840232
1.405,76.9252230722159
1.4099999999999999,76.448103374280322
1.415,75.973942955460345
1.4199999999999999,75.50272346117346
1.425,75.034426650679237
1.4299999999999999,74.569034396373354
1.4350000000000001,74.10652868308577
1.4399999999999999,73.646891607383509
1.4450000000000001,73.190105376877526
1.45,72.736152309533907
1.4550000000000001,72.285014832989546
1.46,71.836675483871943
1.4650000000000001,71.391116907122964
1.47,70.948321855327308
1.4750000000000001,70.508273188044683
1.48,70.070953871146486
1.4850000000000001,69.636346976156105
1.49,69.20443567959407
1.4950000000000001,68.775203262326315
1.5,68.34863310891744
1.5049999999999999,67.924708706987261
1.51,67.50341364657173
1.5149999999999999,67.084731619487656
1.52,66.668646418701471
1.5249999999999999,66.255141937701836
1.53,65.844202169876127
1.5349999999999999,65.435811207890964
1.54,65.029953243076136
1.5449999999999999,64.626612564813087
1.55,64.225773559926395
1.5549999999999999,63.827420712079601
1.5600000000000001,63.431538601174438
1.5649999999999999,63.038111902754068
1.5700000000000001,62.647125387409794
1.575,62.25856392019152
1.5800000000000001,61.872412460021877
1.585,61.488656059114128
1.5900000000000001,61.107279862393256
1.595,60.728269106921289
1.6000000000000001,60.351609121325538
1.605,59.977285325230881
1.6100000000000001,59.610952333096016
1.615,59.257126426533404
1.6200000000000001,58.922418286085282
1.625,58.615493225054827
1.6299999999999999,58.340486724680254
1.635,58.105636906526158
1.6399999999999999,57.916657836321029
1.645,57.77721585128743
1.6499999999999999,57.696152863514357
1.655,57.676417384527689
1.6599999999999999,57.722560030345029
1.665,57.840009738864509
1.6699999999999999,58.030933804587562
1.675,58.299810302736944
1.6799999999999999,58.649051596977642
1.6850000000000001,59.080085007160214
1.6899999999999999,59.595899027247796
1.6950000000000001,60.196678079431322
1.7,60.883323869759309
1.7050000000000001,61.655892383911677
1.71,62.513822067686405
1.7150000000000001,63.456014223541203
1.72,64.480667918392598
1.7250000000000001,65.586420472267932
1.73,66.769264145266774
1.7350000000000001,68.026788282463372
1.74,69.355632678143579
1.7450000000000001,70.750493960422418
1.75,72.208301676554342
1.7549999999999999,73.722883017095356
1.76,75.288926244935908
1.7649999999999999,76.90280574378032
1.77,78.555051352665743
1.7749999999999999,80.241450481180337
1.78,81.955829414288857
1.7849999999999999,83.689580441866113
1.79,85.438278286112251
1.7949999999999999,87.193044039659512
1.8,88.947203354902754
1.8049999999999999,90.696151796588666
1.8100000000000001,92.428583443727575
1.8149999999999999,94.140101198159698
1.8200000000000001,95.823949304685797
1.825,97.471641709346088
1.8300000000000001,99.079097274029351
1.835,100.63813066035686
1.8400000000000001,102.14307939403537
1.845,103.5903001150086
1.8500000000000001,104.97098017621751
1.855,106.28222357980493
1.8600000000000001,107.51945409024941
1.865,108.67738936937452
1.8700000000000001,109.75385795825591
1.875,110.7447816561906
1.8799999999999999,111.64753694214586
1.885,112.46074036728461
1.8899999999999999,113.18143449156973
1.895,113.80933638836846
1.8999999999999999,114.34374956349863
1.905,114.78468092807219
1.9099999999999999,115.13273046390087
1.915,115.38914749816011
1.9199999999999999,115.55565109178501
1.925,115.63372988036667
1.9299999999999999,115.62743480225939
1.9350000000000001,115.53921582794212
1.9399999999999999,115.37247503239819
1.9450000000000001,115.13249062748113
1.95,114.8224816369268
1.9550000000000001,114.44860667324318
1.96,114.01617804939958
1.9650000000000001,113.52886940735
1.97,112.9961909705012
1.9750000000000001,112.42240146848471
1.98,111.81372192170039
1.9850000000000001,111.17880415897416
1.99,110.52211059891088
1.9950000000000001,109.8525681843696
2,109.17700730961012
2.0049999999999999,108.49984969257922
2.0099999999999998,107.82689206645566
2.0150000000000001,107.15810838128915
2.02,106.49347274869939
2.0249999999999999,105.83295944087536
2.0299999999999998,105.17654288957996
2.0350000000000001,104.52419768515986
2.04,103.87589857556257
2.0449999999999999,103.23162046535813
2.0499999999999998,102.59133841476813
2.0550000000000002,101.95502763870022
2.0600000000000001,101.32266350578885
2.0649999999999999,100.69422153744138
2.0699999999999998,100.0696774068909
2.0750000000000002,99.449006938254428
2.0800000000000001,98.832186105597145
2.085,98.219191032002158
2.0899999999999999,97.609997988646313
2.0950000000000002,97.004583393881845
2.1000000000000001,96.402923812323365
2.105,95.804995953940718
2.1099999999999999,95.210776673157412
2.1150000000000002,94.620242967954667
2.1200000000000001,94.033371978981137
2.125,93.450140988667798
2.1299999999999999,92.870527420348751
2.1349999999999998,92.294508837387184
2.1400000000000001,91.722062942306962
2.145,91.153167575929473
2.1499999999999999,90.587800716515673
2.1549999999999998,90.025940478913896
2.1600000000000001,89.467565113712482
2.165,88.912653006398145
2.1699999999999999,88.361182676518865
2.1749999999999998,87.813132776852768
2.1800000000000002,87.268482092581465
2.1850000000000001,86.727209540469161
2.1899999999999999,86.18929416804626
2.1949999999999998,85.654715152798559
2.2000000000000002,85.123451801360687
2.2050000000000001,84.595483548715904
2.21,84.070789957399398
2.2149999999999999,83.549350716707281
2.2200000000000002,83.031145641910385
2.2250000000000001,82.516154673473267
2.23,82.004357876277098
2.2349999999999999,81.495735438848399
2.2400000000000002,80.990267672591969
2.2450000000000001,80.487935011028981
2.25,79.988718009039147
2.2549999999999999,79.492597342108567
2.2599999999999998,78.999553805581186
2.2650000000000001,78.509568313915565
2.27,78.022621899946259
2.2749999999999999,77.538695714149299
2.2799999999999998,77.057771023912736
2.2850000000000001,76.579829212811475
2.29,76.104851779886616
2.2949999999999999,75.632820338929236
2.2999999999999998,75.163716617768742
2.3050000000000002,74.697522457565611
2.3100000000000001,74.234219812108364
2.3149999999999999,73.773790747114987
2.3199999999999998,73.316217439538789
2.3250000000000002,72.861482176878397
2.3300000000000001,72.409567356492261
2.335,71.960455484917119
2.3399999999999999,71.514129177190753
2.3450000000000002,71.070571156179213
2.3500000000000001,70.629764251908099
2.355,70.191691400897568
2.3599999999999999,69.756335645502119
2.3650000000000002,69.32368013325403
2.3700000000000001,68.89370811621103
2.375,68.466402950308023
2.3799999999999999,68.041748094712688
2.3849999999999998,67.619727111185398
2.3900000000000001,67.200323663442759
2.395,66.783521516525312
2.3999999999999999,66.369304536168897
2.4049999999999998,65.957656688180322
2.4100000000000001,65.554231142258274
2.415,65.163549040289467
2.4199999999999999,64.792213655574315
2.4249999999999998,64.44888841391402
2.4300000000000002,64.137706790562291
2.4350000000000001,63.866907309522581
2.4399999999999999,63.642199897784103
2.4449999999999998,63.467253246266722
2.4500000000000002,63.350898557759137
2.4550000000000001,63.296114358123873
2.46,63.307430242466395
2.4649999999999999,63.390232520386483
2.4700000000000002,63.546732717129409
2.4750000000000001,63.781376184672609
2.48,64.09659813102634
2.4849999999999999,64.493827586815414
2.4900000000000002,64.976055002899827
2.4950000000000001,65.543594773425454
2.5,66.197039008427907
2.5049999999999999,66.936591834983531
2.5099999999999998,67.761742814485075
2.5150000000000001,68.671360074721818
2.52,69.6636444718294
2.5249999999999999,70.737230321333527
2.5299999999999998,71.888107985668469
2.5350000000000001,73.113865886256448
2.54,74.411142210161287
2.5449999999999999,75.774631738081439
2.5499999999999998,77.201262866058428
2.5550000000000002,78.684861410162256
2.5600000000000001,80.220114319763098
2.5649999999999999,81.803394714087261
2.5699999999999998,83.425231141239877
2.5750000000000002,85.081409787834318
2.5800000000000001,86.765755712392689
2.585,88.469659967501556
2.5899999999999999,90.188696077500964
2.5950000000000002,91.913983897862821
2.6000000000000001,93.638862047613031
2.605,95.358710935388515
2.6099999999999999,97.062223515962813
2.6150000000000002,98.745001574449844
2.6200000000000001,100.40027175146491
2.625,102.01956305495996
2.6299999999999999,103.5987928587957
2.6349999999999998,105.12977453580645
2.6400000000000001,106.60684126811918
2.645,108.02635603969294
2.6499999999999999,109.37949971545913
2.6549999999999998,110.66332887072133
2.6600000000000001,111.87335760777445
2.665,113.00425504679407
2.6699999999999999,114.05386845261668
2.6749999999999998,115.01811383198716
2.6800000000000002,115.89435928895784
2.6850000000000001,116.68120937169377
2.6899999999999999,117.37571280661335
2.6949999999999998,117.9775873537773
2.7000000000000002,118.48612777950221
2.7050000000000001,118.9013501685786
2.71,119.22387280544967
2.7149999999999999,119.45490482125942
2.7200000000000002,119.5962003697534
2.7250000000000001,119.64921464957004
2.73,119.61803912150863
2.7349999999999999,119.50509606816516
2.7400000000000002,119.31375451313814
2.7450000000000001,119.04932428306057
2.75,118.71502917935523
2.7549999999999999,118.31701454747494
2.7599999999999998,117.86059646682457
2.7650000000000001,117.34944796044982
2.77,116.79307659850153
2.7749999999999999,116.19574151421729
2.7799999999999998,115.56366250699298
2.7850000000000001,114.90549039892613
2.79,114.22568644789858
2.7949999999999999,113.53317696841899
2.7999999999999998,112.83479145765469
2.8050000000000002,112.1349468623128
2.8100000000000001,111.4394429712075
2.8149999999999999,110.74825286163048
2.8199999999999998,110.06134977785656
2.8250000000000002,109.3787071301096
2.8300000000000001,108.70029849353355
2.835,108.02609760716942
2.8399999999999999,107.35607837293875
2.8450000000000002,106.69021485463318
2.8500000000000001,106.0284812769109
2.855,105.37085202429857
2.8599999999999999,104.71730164019968
2.8650000000000002,104.06780482590938
2.8700000000000001,103.42233643963532
2.875,102.78087149552378
2.8799999999999999,102.14338516269305
2.8849999999999998,101.50985276427208
2.8900000000000001,100.8802497764452
2.895,100.25455182750285
2.8999999999999999,99.632734696898225
2.9049999999999998,99.014774314309435
2.9100000000000001,98.400646758707921
2.915,97.790328257432947
2.9199999999999999,97.183795185270398
2.9249999999999998,96.581024063539047
2.9300000000000002,95.981991559181381
2.9350000000000001,95.386674483860531
2.9399999999999999,94.795049793062461
2.9449999999999998,94.207094585204075
2.9500000000000002,93.622786100746708
2.9550000000000001,93.042101721315049
2.96,92.465018968821553
2.9649999999999999,91.891515504596512
2.9700000000000002,91.321569128522967
2.9750000000000001,90.755157778177917
2.98,90.192259527977654
2.9849999999999999,89.632852588329641
2.9900000000000002,89.076915304788386
2.9950000000000001,88.524426157217874
3,87.975363758958096
3.0049999999999999,87.429706855997182
3.0099999999999998,86.887434326149062
3.0150000000000001,86.348525178235207
3.02,85.812958551272729
3.0249999999999999,85.28071371366633
3.0299999999999998,84.751770062406123
3.0350000000000001,84.226107122269894
3.04,83.703704545030874
3.0449999999999999,83.18454210866939
3.0499999999999998,82.66859971659062
3.0550000000000002,82.155857396846642
3.0600000000000001,81.646295301363139
3.0649999999999999,81.139893705171104
3.0699999999999998,80.636633005643461
3.0750000000000002,80.13649372173596
3.0800000000000001,79.639456493233396
3.085,79.145502079999943
3.0899999999999999,78.654611361234558
3.0950000000000002,78.16676533473057
3.1000000000000001,77.681945116140454
3.105,77.200131938244596
3.1099999999999999,76.72130715022476
3.1150000000000002,76.245452216942326
3.1200000000000001,75.772548718220804
3.125,75.302578348132386
3.1299999999999999,74.835522914289982
3.1349999999999998,74.371364337142396
3.1400000000000001,73.910084649274879
3.145,73.451665994713423
3.1499999999999999,72.996090628233631
3.1549999999999998,72.543340914673706
3.1600000000000001,72.093399328251991
3.165,71.646248451888368
3.1699999999999999,71.201870976530159
3.1749999999999998,70.760249700482092
3.1800000000000002,70.32136752874024
3.1850000000000001,69.885207472330649
3.1899999999999999,69.451752647651347
3.1949999999999998,69.020986275819013
3.2000000000000002,68.592891682019214
3.2050000000000001,68.167452294861334
3.21,67.750320750191776
3.2149999999999999,67.346019986607416
3.2200000000000002,66.961150538363071
3.2250000000000001,66.604375145033032
3.23,66.27982657416517
3.2349999999999999,65.995743528472218
3.2400000000000002,65.757835159473387
3.2450000000000001,65.569771447666881
3.25,65.440375543204823
3.2549999999999999,65.372640663009804
3.2599999999999998,65.371090128579212
3.2650000000000001,65.441089291207888
3.27,65.584919937392698
3.2749999999999999,65.806913734446496
3.2799999999999998,66.10956400251446
3.2850000000000001,66.494301359578415
3.29,66.964114829957609
3.2949999999999999,67.51932049558863
3.2999999999999998,68.160501981731102
3.3050000000000002,68.887863187828515
3.3100000000000001,69.700871288984231
3.3149999999999999,70.598452254949919
3.3199999999999998,71.578773322668354
3.3250000000000002,72.640472743219789
3.3300000000000001,73.779538299386999
3.335,74.993557839367057
3.3399999999999999,76.279168867137017
3.3450000000000002,77.631066164758991
3.3500000000000001,79.046176997832944
3.355,80.518326899383254
3.3599999999999999,82.042202328264665
3.3650000000000002,83.614175931287321
3.3700000000000001,85.224775765611284
3.375,86.869787558812376
3.3799999999999999,88.543035907274756
3.3849999999999998,90.235911396388474
3.3900000000000001,91.943987105292166
3.395,93.658382428722007
3.3999999999999999,95.372441116864479
3.4049999999999998,97.081537650496685
3.4100000000000001,98.774364569114553
3.415,100.44652324565286
3.4199999999999999,102.09123359083617
3.4249999999999998,103.7000303517261
3.4300000000000002,105.26883028956928
3.4350000000000001,106.7894463948993
3.4399999999999999,108.25621184181325
3.4449999999999998,109.66548888861163
3.4500000000000002,111.00843294389698
3.4550000000000001,112.28214977779582
3.46,113.48212659530996
3.4649999999999999,114.60303731381639
3.4700000000000002,115.64299958029304
3.4750000000000001,116.59738585631209
3.48,117.46383213923849
3.4849999999999999,118.24094352279796
3.4900000000000002,118.92576729559981
3.4950000000000001,119.51802254420811
3.5,120.01700405267835
3.5049999999999999,120.42272477443265
3.5099999999999998,120.73580776179176
3.5150000000000001,120.95745775843145
3.52,121.0894277909595
3.5249999999999999,121.13318984541237
3.5299999999999998,121.09281941991877
3.5350000000000001,120.97073818694348
3.54,120.77030540577466
3.5449999999999999,120.49684029126034
3.5499999999999998,120.15357074377607
3.5550000000000002,119.74663502984879
3.5600000000000001,119.28135138676281
3.5649999999999999,118.76139200736768
3.5699999999999998,118.19626463376208
3.5750000000000002,117.59022798141061
3.5800000000000001,116.94950140257784
3.585,116.28273535124849
3.5899999999999999,115.59439065749486
3.5950000000000002,114.89339340307873
3.6000000000000001,114.18657275377993
3.605,113.47834389307278
3.6099999999999999,112.7745077390273
3.6150000000000002,112.07503704639635
3.6200000000000001,111.37990473891627
3.625,110.6890839082607
3.6299999999999999,110.00254781299884
3.6349999999999998,109.32026987756061
3.6400000000000001,108.64222369120782
3.645,107.96838300701191
3.6499999999999999,107.29872174083751
3.6549999999999998,106.63321397033332
3.6600000000000001,105.97183393392812
3.665,105.31455602983431
3.6699999999999999,104.66135481505586
3.6749999999999998,104.01220500440427
3.6800000000000002,103.36708146951916
3.6850000000000001,102.72595923789628
3.6899999999999999,102.08881349192018
3.6949999999999998,101.45561956790367
3.7000000000000002,100.82635295513329
3.7050000000000001,100.20098929492056
3.71,99.579504379658786
3.7149999999999999,98.96187415188605
3.7200000000000002,98.34807470335403
3.7250000000000001,97.738082274102752
3.73,97.131873251540384
3.7349999999999999,96.529424169529449
3.7400000000000002,95.93071170747848
3.7450000000000001,95.335712689439418
3.75,94.744404083209986
3.7549999999999999,94.156762999442705
3.7599999999999998,93.572766690758471
3.7650000000000001,92.992392550866199
3.77,92.415618113687756
3.7749999999999999,91.842421052487978
3.7799999999999998,91.272779179010882
3.7850000000000001,90.706670442620421
3.79,90.144072929447262
3.7949999999999999,89.58496486153993
3.7999999999999998,89.029324596022448
3.8050000000000002,88.477130624256134
3.8100000000000001,87.928361571007173
3.8149999999999999,87.382996193619022
3.8199999999999998,86.841013381190294
3.8250000000000002,86.302392153757438
3.8300000000000001,85.767111661482829
3.835,85.235151183847464
3.8399999999999999,84.706490128848827
3.8450000000000002,84.181108032203952
3.8500000000000001,83.658984556557328
3.855,83.140099490693217
3.8599999999999999,82.624432748753833
3.8650000000000002,82.111964369461433
3.8700000000000001,81.602674515345967
3.875,81.096543471976716
3.8799999999999999,80.593551647199533
3.8849999999999998,80.09367957037837
3.8900000000000001,79.596907891641408
3.895,79.103217381132197
3.8999999999999999,78.612588928265296
3.9049999999999998,78.125003540986313
3.9100000000000001,77.640442345036817
3.915,77.158886583223932
3.9199999999999999,76.680317614693976
3.9249999999999998,76.204716914210962
3.9300000000000002,75.732066071439533
3.9350000000000001,75.262346790232314
3.9399999999999999,74.795540887921689
3.9449999999999998,74.331630294615778
3.9500000000000002,73.870597052499122
3.9550000000000001,73.41242331513763
3.96,72.957091346787493
3.9649999999999999,72.504583521708881
3.9700000000000002,72.054882323483369
3.9750000000000001,71.60797034433638
3.98,71.163830284462747
3.9849999999999999,70.72244495135746
3.9900000000000002,70.283797259149907
3.9950000000000001,69.847870227942749
4,69.414646983154313
4.0049999999999999,68.98411075486564
4.0099999999999998,68.561913981630781
4.0149999999999997,68.152580266138528
4.0199999999999996,67.762709130140721
4.0250000000000004,67.400963060786779
4.0300000000000002,67.071474568162188
4.0350000000000001,66.782482423586941
4.04,66.539695070663001
4.0449999999999999,66.346782595124509
4.0499999999999998,66.212567331073501
4.0549999999999997,66.140046843914135
4.0599999999999996,66.133741364035373
4.0650000000000004,66.199016184163071
4.0700000000000003,66.33814399581091
4.0750000000000002,66.555462634879532
4.0800000000000001,66.853466563414926
4.085,67.233584680000178
4.0899999999999999,67.698810910050199
4.0949999999999998,68.249458407804099
4.0999999999999996,68.88610812983724
4.1050000000000004,69.608963487230255
4.1100000000000003,70.417495125762514
4.1150000000000002,71.310627323831241
4.1200000000000001,72.286528034834248
4.125,73.343834603849402
4.1299999999999999,74.478534792942042
4.1349999999999998,75.68821625139006
4.1399999999999997,76.969516211696089
4.1449999999999996,78.317129258100593
4.1500000000000004,79.727982959211104
4.1550000000000002,81.195901842693601
4.1600000000000001,82.715572555748295
4.165,84.283367570086625
4.1699999999999999,85.889814760712127
4.1749999999999998,87.530699685211744
4.1799999999999997,89.199846768789698
4.1849999999999996,90.888646423727707
4.1900000000000004,92.592671564408917
4.1950000000000003,94.303041414894608
4.2000000000000002,96.013101668825925
4.2050000000000001,97.718224568645795
4.21,99.407102500397642
4.2149999999999999,101.07533668475611
4.2199999999999998,102.71614450933848
4.2249999999999996,104.32106269456713
4.2300000000000004,105.88600812425925
4.2350000000000003,107.40279005858322
4.2400000000000002,108.86574856495767
4.2450000000000001,110.27124212020588
4.25,111.61040108850953
4.2549999999999999,112.88037948260674
4.2599999999999998,114.07664148926415
4.2649999999999997,115.19386242604131
4.2699999999999996,116.23015900723672
4.2750000000000004,117.18090245696516
4.2800000000000002,118.04372806004859
4.2850000000000001,118.81724110761478
4.29,119.4984834624976
4.2949999999999999,120.0871836332266
4.2999999999999998,120.58263318379892
4.3049999999999997,120.98484314960345
4.3099999999999996,121.29443742334303
4.3150000000000004,121.51262075958495
4.3200000000000003,121.64114981883577
4.3250000000000002,121.68149333404517
4.3300000000000001,121.63772555099884
4.335,121.5122683441374
4.3399999999999999,121.30847654112851
4.3449999999999998,121.0316732215332
4.3499999999999996,120.6850878650349
4.3550000000000004,120.27485596579757
4.3600000000000003,119.80629665200038
4.3650000000000002,119.28308180575405
4.3700000000000001,118.714719233556
4.375,118.10546749745416
4.3799999999999999,117.46154578507435
4.3849999999999998,116.79160441487905
4.3899999999999997,116.10010405901646
4.3949999999999996,115.39597071318278
4.4000000000000004,114.68603342073365
4.4050000000000002,113.97470671366379
4.4100000000000001,113.26779192728533
4.415,112.56526169717846
4.4199999999999999,111.86708882864581
4.4249999999999998,111.17324629566176
4.4299999999999997,110.48370723982659
4.4349999999999996,109.79844496932684
4.4400000000000004,109.11743295790166
4.4450000000000003,108.44064484381634
4.4500000000000002,107.76805442884182
4.4550000000000001,107.09963567724024
4.46,106.43536271475746
4.4649999999999999,105.77520982762145
4.4699999999999998,105.11915146154703
4.4749999999999996,104.4671622207461
4.4800000000000004,103.81921686694497
4.4850000000000003,103.175290318408
4.4900000000000002,102.53535764896539
4.4950000000000001,101.89939408704907
4.5,101.26737501473411
4.5049999999999999,100.63927596678502
4.5099999999999998,100.01507262970941
4.5149999999999997,99.394740840815999
4.5199999999999996,98.77825658728031
4.5250000000000004,98.165596005214169
4.5300000000000002,97.556735378742744
4.5350000000000001,96.95165113908584
4.54,96.350319863645979
4.5449999999999999,95.752718275101799
4.5499999999999998,95.15882324050628
4.5549999999999997,94.568611770392394
4.5599999999999996,93.982061017882231
4.5650000000000004,93.399148277802851
4.5700000000000003,92.819850985808074
4.5750000000000002,92.244146717503909
4.5800000000000001,91.672013187581115
4.585,91.103428248952781
4.5899999999999999,90.538369891896394
4.5949999999999998,89.976816243202165
4.5999999999999996,89.418745565326603
4.6050000000000004,88.864136255550363
4.6100000000000003,88.312966845142995
4.6150000000000002,87.765215998530905
4.6200000000000001,87.220862512472095
4.625,86.679885315235111
4.6299999999999999,86.142263465783486
4.6349999999999998,85.607976152965136
4.6399999999999997,85.077002694706536
4.6449999999999996,84.549322537212404
4.6500000000000004,84.024915254170054
4.6550000000000002,83.5037605459585
4.6600000000000001,82.985838238862854
4.665,82.471128284293314
4.6699999999999999,81.95961075800912
4.6749999999999998,81.451265859347274
4.6799999999999997,80.946073910455851
4.6849999999999996,80.444015355533011
4.6900000000000004,79.945070760068901
4.6950000000000003,79.449220810094516
4.7000000000000002,78.956446311433083
4.7050000000000001,78.466728188957461
4.71,77.980047485852069
4.7149999999999999,77.496385362878357
4.7199999999999998,77.015723097646344
4.7249999999999996,76.538042083889252
4.7300000000000004,76.063323830743471
4.7350000000000003,75.591549962032971
4.7400000000000002,75.122702215557709
4.7450000000000001,74.65676244238675
4.75,74.193712606155771
4.7549999999999999,73.733534782368992
4.7599999999999998,73.276211157705148
4.7649999999999997,72.821724029328209
4.7699999999999996,72.370055804201542
4.7750000000000004,71.921188998407601
4.7800000000000002,71.475106236470694
4.7850000000000001,71.031790250684409
4.79,70.59122388044328
4.7949999999999999,70.153390071578571
4.7999999999999998,69.718271875697923
4.8049999999999997,69.285852449529571
4.8099999999999996,68.861784158731382
4.8150000000000004,68.450590851375111
4.8200000000000003,68.058871675075935
4.8250000000000002,67.695289023863765
4.8300000000000001,67.36397531323027
4.835,67.073169340135337
4.8399999999999999,66.828579288687848
4.8449999999999998,66.633876008868071
4.8499999999999996,66.497880088483114
4.8550000000000004,66.423589306376002
4.8600000000000003,66.415526961651551
4.8650000000000002,66.479055868055823
4.8700000000000001,66.616446195033831
4.875,66.832037415794233
4.8799999999999999,67.128324550207125
4.8849999999999998,67.50673708463799
4.8899999999999997,67.970268402683772
4.8949999999999996,68.519231721314355
4.9000000000000004,69.154207008576506
4.9050000000000002,69.875397479393854
4.9100000000000001,70.682275104659325
4.915,71.573763663588707
4.9199999999999999,72.548031121238935
4.9249999999999998,73.603714593256569
4.9299999999999997,74.73680184213562
4.9349999999999996,75.944880446411418
4.9400000000000004,77.224587535897371
4.9450000000000003,78.570617620687401
4.9500000000000002,79.979898201772102
4.9550000000000001,81.446253790501657
4.96,82.964370927530609
4.9649999999999999,84.530622019803587
4.9699999999999998,86.135534874919273
4.9749999999999996,87.774894987607595
4.9800000000000004,89.442526719772431
4.9850000000000003,91.129820419668789
4.9900000000000002,92.832348940774992
4.9950000000000001,94.541231444036669
5,96.249814347695107
5.0049999999999999,97.953469060575102
5.0099999999999998,99.640887912024411
5.0149999999999997,101.30767206646904
5.0199999999999996,102.94703797399238
5.0250000000000004,104.55052313681234
5.0300000000000002,106.11404438660871
5.0350000000000001,107.62941095165364
5.04,109.09096284847517
5.0449999999999999,110.49505845215647
5.0499999999999998,111.83282807835027
5.0549999999999997,113.10142551222562
5.0599999999999996,114.29631487339131
5.0650000000000004,115.4121724250335
5.0700000000000003,116.44711453199014
5.0750000000000002,117.3965119511666
5.0800000000000001,118.25799970728788
5.085,119.03018316284253
5.0899999999999999,119.71010414198278
5.0949999999999998,120.29749093815893
5.0999999999999996,120.79163539866684
5.1050000000000004,121.19254811571801
5.1100000000000003,121.500853160766
5.1150000000000002,121.71775552772257
5.1200000000000001,121.84501392714981
5.125,121.88409427464194
5.1299999999999999,121.83907115062115
5.1349999999999998,121.7123665407027
5.1399999999999997,121.50733356601152
5.1449999999999996,121.22929676664639
5.1500000000000004,120.88148621431932
5.1550000000000002,120.47003635817315
5.1600000000000001,120.00026666786043
5.165,119.47584891013589
5.1699999999999999,118.90629091540796
5.1749999999999998,118.29585118916003
5.1799999999999997,117.65074885826112
5.1849999999999996,116.97963419116167
5.1900000000000004,116.28696780167567
5.1950000000000003,115.58167565368747
5.2000000000000002,114.87058674531963
5.2050000000000001,114.15811536784197
5.21,113.45006301074015
5.2149999999999999,112.7464022655593
5.2199999999999998,112.04710589383988
5.2249999999999996,111.35214682606637
5.2300000000000004,110.66149816061819
5.2350000000000003,109.97513316272922
5.2400000000000002,109.29302526345258
5.2450000000000001,108.61514805863197
5.25,107.94147530787988
5.2549999999999999,107.27198093356189
5.2599999999999998,106.60663901978683
5.2649999999999997,105.94542381140398
5.2699999999999996,105.28830971300593
5.2750000000000004,104.63527128793744
5.2800000000000002,103.98628325731161
5.2850000000000001,103.34132049903079
5.29,102.70035804681405
5.2949999999999999,102.06337108923088
5.2999999999999998,101.43033496874102
5.3049999999999997,100.80122518073948
5.3099999999999996,100.17601737260816
5.3150000000000004,99.554687342773335
5.3200000000000003,98.937211039768968
5.3250000000000002,98.323564561304892
5.3300000000000001,97.71372415334271
5.335,97.107666209175036
5.3399999999999999,96.505367268512728
5.3449999999999998,95.906804016576473
5.3499999999999996,95.311953283193688
5.3550000000000004,94.720792041902229
5.3600000000000003,94.13329740905921
5.3650000000000002,93.549446642954564
5.3700000000000001,92.969217142931058
5.375,92.392586448509419
5.3799999999999999,91.819532238518875
5.3849999999999998,91.250032330233012
5.3899999999999997,90.684064678511433
5.3949999999999996,90.121607374945896
5.4000000000000004,89.56263864701242
5.4050000000000002,89.007136857229099
5.4100000000000001,88.455080502317244
5.415,87.906448212370336
5.4199999999999999,87.361218750025785
5.4249999999999998,86.819371009643604
5.4299999999999997,86.28088401648867
5.4349999999999996,85.74573692591953
5.4400000000000004,85.213909022581021
5.4450000000000003,84.685379719602736
5.4500000000000002,84.160128557801897
5.4550000000000001,83.638135204891014
5.46,83.11937945469181
5.4649999999999999,82.603841226352117
5.4699999999999998,82.0915005635688
5.4749999999999996,81.582337633815598
5.4800000000000004,81.076332727575078
5.4850000000000003,80.573466257575888
5.4900000000000002,80.073718758034431
5.4950000000000001,79.577070883901101
5.5,79.083503410112002
5.5049999999999999,78.592997230844361
5.5099999999999998,78.105533358776782
5.5149999999999997,77.621092924354954
5.5199999999999996,77.139657175060549
5.5250000000000004,76.661207474685227
5.5300000000000002,76.185725302610322
5.5350000000000001,75.713192253088351
5.54,75.243590034531735
5.5449999999999999,74.776900468804229
5.5499999999999998,74.313105490517387
5.5549999999999997,73.852187146331275
5.5599999999999996,73.394127594259331
5.5650000000000004,72.938909102977689
5.5700000000000003,72.486514051139352
5.5750000000000002,72.036924926691498
5.5800000000000001,71.590124326197511
5.585,71.146094954163871
5.5899999999999999,70.704819622370096
5.5949999999999998,70.266281249203828
5.5999999999999996,69.830462858999425
5.6050000000000004,69.397347581380473
5.6100000000000003,68.972587755069696
5.6150000000000002,68.560707318810728
5.6200000000000001,68.168305281968571
5.625,67.804044004184632
5.6299999999999999,67.472055866069255
5.6349999999999998,67.180579674093636
5.6399999999999997,66.935323516769145
5.6449999999999996,66.739958532350016
5.6500000000000004,66.603304652847157
5.6550000000000002,66.528359790675026
5.6600000000000001,66.519648274820639
5.665,66.582531981128227
5.6699999999999999,66.719280288848324
5.6749999999999998,66.934233214737517
5.6799999999999997,67.229885976703514
5.6849999999999996,67.607668290031853
5.6900000000000004,68.070573328411541
5.6950000000000003,68.6189143322147
5.7000000000000002,69.25327090372592
5.7050000000000001,69.973846183112386
5.71,70.780112636252113
5.7149999999999999,71.670993858785025
5.7199999999999998,72.644657819853492
5.7249999999999996,73.699741547407783
5.7300000000000004,74.832232805047866
5.7350000000000003,76.039719145502204
5.7400000000000002,77.318837660382002
5.7450000000000001,78.664282832222838
5.75,80.0729821369722
5.7549999999999999,81.538760079359704
5.7599999999999998,83.056303161235789
5.7649999999999997,84.621983765602764
5.7699999999999996,86.226329675139723
5.7750000000000004,87.865126361344352
5.7800000000000002,89.532198162720618
5.7850000000000001,91.218935403859973
5.79,92.920910915730744
5.7949999999999999,94.629243835948927
5.7999999999999998,96.337280851394652
5.8049999999999997,98.040393061962376
5.8099999999999996,99.727272776050214
5.8150000000000004,101.39352113730224
5.8200000000000003,103.03235424863394
5.8250000000000002,104.63530990161954
5.8300000000000001,106.19830490890095
5.835,107.71314848786176
5.8399999999999999,109.17418063485354
5.8449999999999998,110.57775968701708
5.8499999999999996,111.91501594346789
5.8550000000000004,113.18310310303899
5.8600000000000003,114.37748526196333
5.8650000000000002,115.49283903476902
5.8700000000000001,116.52728065650416
5.875,117.47618071006929
5.8799999999999999,118.33717412452022
5.8849999999999998,119.10886628844128
5.8899999999999997,119.78829901303079
5.8949999999999996,120.3752005087556
5.9000000000000004,120.86886272972595
5.9050000000000002,121.26929610563002
5.9100000000000001,121.57712475566476
5.915,121.79355379503674
5.9199999999999999,121.9203426727891
5.9249999999999998,121.95895627387621
5.9299999999999997,121.91346929546862
5.9349999999999996,121.78630376832075
5.9400000000000004,121.58081217540696
5.9450000000000003,121.30231960002276
5.9500000000000002,120.95405633377534
5.9550000000000001,120.54215643689
5.96,120.07193950684902
5.9649999999999999,119.5470772677097
5.9699999999999998,118.97707755873117
5.9749999999999996,118.36619886451246
5.9800000000000004,117.72066028948321
5.9850000000000003,117.04911208362286
5.9900000000000002,116.35601483919346
5.9950000000000001,115.6502945083238
6,114.93878007242247
6.0049999999999999,114.22588573381036
6.0099999999999998,113.51741303894099
6.0149999999999997,112.81333456308829
6.0199999999999996,112.11362305162291
6.0250000000000004,111.41825141895885
6.0300000000000002,110.72719274750597
6.0350000000000001,110.04042028662647
6.04,109.35790745160077
6.0449999999999999,108.67962782259764
6.0499999999999998,108.00555514365203
6.0549999999999997,107.33566332164825
6.0599999999999996,106.66992642531027
6.0650000000000004,106.0083186841975
6.0700000000000003,105.35081448770801
6.0750000000000002,104.69738838408603
6.0800000000000001,104.04801507943762
6.085,103.40266943675121
6.0899999999999999,102.76132647492452
6.0949999999999998,102.12396136779792
6.0999999999999996,101.49054944319279
6.1050000000000004,100.86106618195686
6.1100000000000003,100.23548721701545
6.1150000000000002,99.613788332427234
6.1200000000000001,98.995945462447892
6.125,98.381934690597575
6.1299999999999999,97.771732248736171
6.1349999999999998,97.165314516142431
6.1399999999999997,96.56265801859962
6.1449999999999996,95.96373942748744
6.1500000000000004,95.368535558878392
6.1550000000000002,94.777023372640855
6.1600000000000001,94.189179971546579
6.165,93.60498260038483
6.1699999999999999,93.024408645081593
6.1749999999999998,92.447435631823751
6.1799999999999997,91.874041226189703
6.1849999999999996,91.304203232284038
6.1900000000000004,90.737899591878943
6.1950000000000003,90.17510838356047
6.2000000000000002,89.615807821879358
6.2050000000000001,89.059976256508207
6.21,88.507592171403161
6.2149999999999999,87.958634183971171
6.2199999999999998,87.413081044242247
6.2249999999999996,86.870911634046664
6.2300000000000004,86.33210496619769
6.2350000000000003,85.796640183679628
6.2400000000000002,85.264496558839454
6.2450000000000001,84.735653492585143
6.25,84.210090513588128
6.2549999999999999,83.687787277490813
6.2599999999999998,83.168723566119368
6.2649999999999997,82.652879286700511
6.2699999999999996,82.14023447108417
6.2750000000000004,81.630769274970149
6.2800000000000002,81.124463977140636
6.2850000000000001,80.621298978696117
6.29,80.121254802297031
6.2949999999999999,79.624312091409735
6.2999999999999998,79.130451609557056
6.3049999999999997,78.639654239574
6.3099999999999996,78.151900982867573
6.3150000000000004,77.667172958681135
6.3200000000000003,77.185451403363984
6.3250000000000002,76.70671766964449
6.3300000000000001,76.230953225908806
6.335,75.758139655483177
6.3399999999999999,75.288258655921013
6.3449999999999998,74.821292038294473
6.3499999999999996,74.357221726490678
6.3550000000000004,73.896029756511268
6.3600000000000003,73.437698275778175
6.3650000000000002,72.982209542441126
6.3700000000000001,72.529545924692059
6.375,72.079689900082016
6.3799999999999999,71.632624054842964
6.3849999999999998,71.188331083213754
6.3899999999999997,70.746793786770141
6.3949999999999996,70.307995073759173
6.4000000000000004,69.87191795843728
6.4050000000000002,69.438545560413331
6.4100000000000001,69.013530208456984
6.415,68.601395874815779
6.4199999999999999,68.208741517770363
6.4249999999999998,67.844229484257625
6.4299999999999997,67.511992142009035
6.4349999999999996,67.220268301015025
6.4400000000000004,66.974766014502592
6.4450000000000003,66.779156528017069
6.4500000000000002,66.642259529865399
6.4550000000000001,66.567072989013553
6.46,66.55812160130138
6.4649999999999999,66.620766891245509
6.4699999999999998,66.757277968476657
6.4749999999999996,66.971995040739131
6.4800000000000004,67.26741339798491
6.4850000000000003,67.644962841677028
6.4900000000000002,68.107636466641281
6.4950000000000001,68.655747521927452
6.5,69.289875474593899
6.5049999999999999,70.010223436865758
6.5099999999999998,70.816264058226864
6.5149999999999997,71.70692086666584
6.5199999999999996,72.680361832763708
6.5250000000000004,73.735223951685327
6.5300000000000002,74.867494987558928
6.5350000000000001,76.0747624836212
6.54,77.353663517336614
6.5449999999999999,78.698892561034626
6.5499999999999998,80.107377081399306
6.5549999999999997,81.572941580634705
6.5599999999999996,83.09027254632899
6.5650000000000004,84.655742352637105
6.5700000000000003,86.259878773028646
6.5750000000000002,87.898467270414258
6.5800000000000001,89.565332174652454
6.585,91.251863801588527
6.5899999999999999,92.953634973871772
6.5949999999999998,94.661764820498078
6.5999999999999996,96.369600127733463
6.6050000000000004,98.0725118811973
6.6100000000000003,99.759192381546811
6.6150000000000002,101.42524276474661
6.6200000000000001,103.06387900533026
6.625,104.66663900185738
6.6299999999999999,106.22943955996425
6.6349999999999998,107.744089893135
6.6399999999999997,109.20492999007621
6.6449999999999996,110.60831817386315
6.6500000000000004,111.94538473768884
6.6550000000000002,113.21328334818517
6.6600000000000001,114.40747809313883
6.665,115.52264571716502
6.6699999999999999,116.55690240726216
6.6749999999999998,117.50561868184887
6.6799999999999997,118.36642943469036
6.6849999999999996,119.13794006397293
6.6900000000000004,119.81719237629495
6.6950000000000003,120.40391455098245
6.7000000000000002,120.89739858190272
6.7050000000000001,121.29765483886118
6.71,121.6053074561805
6.7149999999999999,121.82156159841122
6.7199999999999998,121.94817698472164
6.7249999999999996,121.9866181209028
6.7300000000000004,121.94095974620302
6.7350000000000003,121.81362390856621
6.7400000000000002,121.60796285422056
6.7450000000000001,121.32930186761247
6.75,120.98087132175583
6.7549999999999999,120.56880513279201
6.7599999999999998,120.0984229456613
6.7649999999999997,119.57339646863427
6.7699999999999996,119.00323354424273
6.7750000000000004,118.3921926493708
6.7800000000000002,117.74649288015854
6.7850000000000001,117.07478447976162
6.79,116.38152803247804
6.7949999999999999,115.67564948609292
6.7999999999999998,114.96397781583924
6.8049999999999997,114.25092719117117
6.8099999999999996,113.54229917959164
6.8150000000000004,112.83806635036242
6.8200000000000003,112.13820144287953
6.8250000000000002,111.44267736561905
6.8300000000000001,110.75146719508908
6.835,110.06454417478797
6.8399999999999999,109.3818817141677
6.8449999999999998,108.70345338760549
6.8499999999999996,108.02923293337987
6.8550000000000004,107.35919425265507
6.8600000000000003,106.69331140847012
6.8650000000000002,106.03155862473484
6.8700000000000001,105.37391028523267
6.875,104.72034093262819
6.8799999999999999,104.07082526748232
6.8849999999999998,103.42533814727268
6.8899999999999997,102.78385458542056
6.8949999999999996,102.14634975032364
6.9000000000000004,101.51279896439452
6.9050000000000002,100.883177703106
6.9100000000000001,100.257461594041
6.915,99.635626415949801
6.9199999999999999,99.017648097811815
6.9249999999999998,98.403502717904431
6.9299999999999997,97.793166502876659
6.9349999999999996,97.186615826828714
6.9400000000000004,96.583827210397828
6.9450000000000003,95.984777319849712
6.9500000000000002,95.389442966174229
6.9550000000000001,94.797801104188594
6.96,94.209828831644884
6.9649999999999999,93.625503388343773
6.9699999999999998,93.044802155253649
6.9749999999999996,92.467702653634575
6.9800000000000004,91.894182544168174
6.9850000000000003,91.324219626093679
6.9900000000000002,90.757791836347579
6.9950000000000001,90.194877248709773
7,89.635454072955014
7.0049999999999999,89.079500654009721
7.0099999999999998,88.526995471112983
7.0149999999999997,87.977917136984217
7.0199999999999996,87.432244396994832
7.0250000000000004,86.889956128345403
7.0300000000000002,86.351031339248365
7.0350000000000001,85.815449168115407
7.04,85.2831888827493
7.0449999999999999,84.754229879542365
7.0499999999999998,84.228551682678102
7.0549999999999997,83.706133943339026
7.0599999999999996,83.186956438918671
7.0650000000000004,82.670999072238999
7.0700000000000003,82.158241870772358
7.0750000000000002,81.648664985868365
7.0800000000000001,81.142248691985372
7.085,80.638973385927414
7.0899999999999999,80.138819586084963
7.0949999999999998,79.641767931680818
7.0999999999999996,79.147799182020734
7.1050000000000004,78.656894215748565
7.1100000000000003,78.169034030106559
7.1150000000000002,77.68419974019875
7.1200000000000001,77.202372578260864
7.125,76.723533892933489
7.1299999999999999,76.247665148539951
7.1349999999999998,75.774747924368924
7.1399999999999997,75.304763913961693
7.1449999999999996,74.837694924402825
7.1500000000000004,74.373522875616544
7.1550000000000002,73.912229799666676
7.1600000000000001,73.453797840060872
7.165,72.998209251059734
7.1699999999999999,72.545446396989661
7.1749999999999998,72.095491751560203
7.1799999999999997,71.648327897185851
7.1849999999999996,71.203937524311385
7.1900000000000004,70.762303430742264
7.1950000000000003,70.32340852097883
7.2000000000000002,69.887235805553573
7.2050000000000001,69.453768400374699
7.21,69.028658630534196
7.2149999999999999,68.616430480659545
7.2199999999999998,68.223682890155501
7.2249999999999996,67.859078201264779
7.2300000000000004,67.526748776961398
7.2350000000000003,67.234933428536991
7.2400000000000002,66.989340196185992
7.2450000000000001,66.793640365202378
7.25,66.656653533656936
7.2549999999999999,66.58137769238094
7.2599999999999998,66.57233767092319
7.2649999999999997,66.634894863240319
7.2699999999999996,66.771318282547455
7.2750000000000004,66.985948205737159
7.2800000000000002,67.281279949226473
7.2850000000000001,67.658743346538245
7.29,68.121331463181306
7.2949999999999999,68.669357551415871
7.2999999999999998,69.303401028322583
7.3049999999999997,70.023664995759063
7.3099999999999996,70.829622171146198
7.3150000000000004,71.720196057503856
7.3200000000000003,72.693554625932876
7.3250000000000002,73.748334859431623
7.3300000000000001,74.880524522340494
7.335,76.087711154393929
7.3399999999999999,77.366531827825952
7.3449999999999998,78.711681011190635
7.3499999999999996,80.120086167749164
7.3550000000000004,81.58557179876064
7.3600000000000003,83.102824386554232
7.3650000000000002,84.668216302013704
7.3700000000000001,86.272275315207096
7.375,87.9107868858719
7.3799999999999999,89.577575340671785
7.3849999999999998,91.26403099222
7.3899999999999997,92.965726660092528
7.3949999999999996,94.67378147009947
7.4000000000000004,96.381542245247317
7.4050000000000002,98.084379928912881
7.4100000000000001,99.770986818893306
7.415,101.43696404831567
7.4199999999999999,103.07552754426166
7.4249999999999998,104.67821524483193
7.4299999999999997,106.24094395307863
7.4349999999999996,107.75552288106012
7.4400000000000004,109.21629201463394
7.4450000000000003,110.61960967167059
7.4500000000000002,111.95660614320101
7.4550000000000001,113.22443508391912
7.46,114.41856057851508
7.4649999999999999,115.53365941970837
7.4699999999999998,116.5678477767303
7.4749999999999996,117.51649614414812
7.4800000000000004,118.37723940269446
7.4850000000000003,119.14868295409858
7.4900000000000002,119.82786860328378
7.4950000000000001,120.41452451800505
7.5,120.90794270685961
7.5049999999999999,121.3081335175486
7.5099999999999998,121.61572108963965
7.5149999999999997,121.831910606536
7.5199999999999996,121.95846188683561
7.5250000000000004,121.99683929646662
7.5300000000000002,121.95111759007422
7.5350000000000001,121.82371882202141
7.54,121.61799515093263
7.5449999999999999,121.33927193563812
7.5499999999999998,120.99077957925292
7.5549999999999997,120.57865194462735
7.5599999999999996,120.1082086942682
7.5650000000000004,119.58312153061125
7.5700000000000003,119.01289829739807
7.5750000000000002,118.40179746866268
7.5800000000000001,117.75603813748174
7.585,117.0842705444898
7.5899999999999999,116.39095527104277
7.5949999999999998,115.68501826332007
7.5999999999999996,114.97328849427299
7.6050000000000004,114.26018012121095
7.6100000000000003,113.55149471941542
7.6150000000000002,112.84720485592634
7.6200000000000001,112.14728326793148
7.625,111.4517028617133
7.6299999999999999,110.76043671159962
7.6349999999999998,110.07345805892147
7.6399999999999997,109.39074031097756
7.6449999999999996,108.71225704000474
7.6500000000000004,108.03798198215489
7.6550000000000002,107.3678890364785
7.6600000000000001,106.70195226391397
7.665,106.04014588628365
7.6699999999999999,105.38244428529615
7.6749999999999998,104.72882200155432
7.6799999999999997,104.0792537335703
7.6849999999999996,103.43371433678573
7.6900000000000004,102.79217882259779
7.6950000000000003,102.15462235739365
7.7000000000000002,101.52102026158713
7.7050000000000001,100.89134800866452
7.71,100.26558122423505
7.7149999999999999,99.64369568508738
7.7199999999999998,99.025667318251365
7.7249999999999996,98.411472200067237
7.7300000000000004,97.801086555258465
7.7350000000000003,97.194486756012068
7.7400000000000002,96.591649321063784
7.7450000000000001,95.99255091478922
7.75,95.397168346300447
7.7549999999999999,94.805478568548153
7.7599999999999998,94.217458677429676
7.7649999999999997,93.633085910902651
7.7699999999999996,93.052337648103389
7.7750000000000004,92.475191408471218
7.7800000000000002,91.901624850879102
7.7850000000000001,91.331615772767933
7.79,90.765142109287211
7.7949999999999999,90.202181932441178
7.7999999999999998,89.64271345024008
7.8049999999999997,89.086715005856405
7.8099999999999996,88.534165076786365
7.8150000000000004,87.985042274017118
7.8200000000000003,87.43932534119871
7.8250000000000002,86.896993153821114
7.8300000000000001,86.358024718396862
7.835,85.822399171647675
7.8399999999999999,85.290095779697779
7.8449999999999998,84.761093937270488
7.8499999999999996,84.235373166891208
7.8550000000000004,83.712913118094065
7.8600000000000003,83.193693566635332
7.8650000000000002,82.677694413708991
7.8700000000000001,82.164895685169952
7.875,81.655277530760316
7.8799999999999999,81.148820223341204
7.8849999999999998,80.645504158128716
7.8899999999999997,80.145309851935608
7.8949999999999996,79.648217942416764
7.9000000000000004,79.154209187319495
7.9050000000000002,78.663264463739395
7.9100000000000001,78.175364767379364
7.915,77.690491211814162
7.9199999999999999,77.208625027759453
7.9249999999999998,76.729747562345452
7.9299999999999997,76.253840278394279
7.9349999999999996,75.780884753702779
7.9400000000000004,75.310862680329365
7.9450000000000003,74.843755863885619
7.9500000000000002,74.379546222831223
7.9550000000000001,73.918215787774855
7.96,73.459746700777941
7.9649999999999999,73.004121214664053
7.9699999999999998,72.551321692331115
7.9749999999999996,72.101330606069567
7.9800000000000004,71.654130536882931
7.9850000000000003,71.209704173814572
7.9900000000000002,70.768034313276701
7.9950000000000001,70.329103858384585
8,69.892895818295386
8.0050000000000008,69.459393307549504
8.0099999999999998,69.034248649880212
8.0150000000000006,68.621985834489223
8.0199999999999996,68.229203793807031
8.0250000000000004,67.864564868341574
8.0299999999999994,67.532201419309146
8.0350000000000001,67.240352258482119
8.0399999999999991,66.994725421240275
8.0449999999999999,66.798992207578934
8.0500000000000007,66.661972182200884
8.0549999999999997,66.586663344148647
8.0600000000000005,66.577590572126141
8.0649999999999995,66.640115211741474
8.0700000000000003,66.776506241030248
8.0749999999999993,66.991103962237375
8.0800000000000001,67.286403701537608
8.0850000000000009,67.663835304329083
8.0899999999999999,68.126391825264122
8.0950000000000006,68.674386517790481
8.0999999999999996,69.308398780519681
8.1050000000000004,70.028631711472784
8.1099999999999994,70.834558053185617
8.1150000000000002,71.72510129945762
8.1199999999999992,72.698429421578737
8.125,73.753179398044878
8.1300000000000008,74.885338993277841
8.1349999999999998,76.092495745718281
8.1400000000000006,77.371286725666678
8.1449999999999996,78.716406400282182
8.1500000000000004,80.124782231560701
8.1549999999999994,81.590238720410028
8.1600000000000001,83.107462347219212
8.1649999999999991,84.672825481662755
8.1699999999999999,86.276855892550699
8.1750000000000007,87.915339038448735
8.1799999999999997,89.582099244839
8.1850000000000005,91.268526823142309
8.1899999999999995,92.97019459179748
8.1950000000000003,94.678221675439275
8.1999999999999993,96.385954910648977
8.2050000000000001,98.08876522519607
8.2100000000000009,99.775344915819019
8.2149999999999999,101.44129511459613
8.2200000000000006,103.07983173107353
8.2249999999999996,104.68249271796394
8.2300000000000004,106.24519487736598
8.2349999999999994,107.75974742081193
8.2400000000000002,109.22049033310581
8.2449999999999992,110.62378193019117
8.25,111.9607525023055
8.2550000000000008,113.22855569972469
8.2599999999999998,114.42265560599847
8.2650000000000006,115.53772903162684
8.2699999999999996,116.57189213927322
8.2750000000000004,117.52051541468904
8.2799999999999994,118.38123373379167
8.2850000000000001,119.15265249961936
8.2899999999999991,119.83181351648072
8.2949999999999999,120.41844494784564
8.3000000000000007,120.91183880775868
8.3049999999999997,121.31200543575731
8.3100000000000005,121.61956897330008
8.3149999999999995,121.8357346108411
8.3200000000000003,121.96226220366516
8.3249999999999993,122.00061606605395
8.3300000000000001,121.95487095832095
8.3350000000000009,121.82744893721014
8.3399999999999999,121.62170212895924
8.3450000000000006,121.34295591989115
8.3499999999999996,120.99444072424647
8.3550000000000004,120.58229038517725
8.3599999999999994,120.11182457168523
8.3650000000000002,119.58671498405029
8.3699999999999992,119.0164694664609
8.375,118.40534649189738
8.3800000000000008,117.75956515230496
8.3849999999999998,117.08777568738745
8.3900000000000006,116.39443867741231
8.3949999999999996,115.68848006796674
8.4000000000000004,114.97672883115803
8.4049999999999994,114.26359911980919
8.4100000000000001,113.55489251207463
8.4149999999999991,112.85058157417394
8.4199999999999999,112.15063904247901
8.4250000000000007,111.45503782246162
8.4299999999999997,110.76375098764399
8.4350000000000005,110.07675177855621
8.4399999999999995,109.39401360170193
8.4450000000000003,108.7155100285264
8.4499999999999993,108.04121479439578
8.4550000000000001,107.37110179757948
8.4600000000000009,106.7051450982398
8.4649999999999999,106.04331891742808
8.4700000000000006,105.3855976360861
8.4749999999999996,104.73195579405507
8.4800000000000004,104.08236808908966
8.4849999999999994,103.43680937587928
8.4900000000000002,102.7952546650735
8.4949999999999992,102.15767912231642
8.5,101.52405806728294
8.5050000000000008,100.89436697272585
8.5099999999999998,100.26858146352501
8.5150000000000006,99.646677315743858
8.5199999999999996,99.028630455692806
8.5250000000000004,98.41441695899529
8.5299999999999994,97.804013049663666
8.5350000000000001,97.197395099178195
8.5399999999999991,96.594539625571713
8.5449999999999999,95.995423292521664
8.5500000000000007,95.400022908445706
8.5549999999999997,94.808315425605841
8.5600000000000005,94.220277939213375
8.5649999999999995,93.635887686544933
8.5700000000000003,93.055122046059878
8.5749999999999993,92.477958536525378
8.5800000000000001,91.904374816145037
8.5850000000000009,91.334348681695857
8.5899999999999999,90.767858067667277
8.5950000000000006,90.204881045406935
8.5999999999999996,89.645395822273514
8.6050000000000004,89.089380740790801
8.6099999999999994,88.536814277811857
8.6150000000000002,87.987675043683026
8.6199999999999992,87.441941781418876
8.625,86.899593365876726
8.6300000000000008,86.360608802941016
8.6349999999999998,85.824967228710051
8.6400000000000006,85.292647908686462
8.6449999999999996,84.763630236977775
8.6500000000000004,84.237893735496087
8.6549999999999994,83.71541805316744
8.6600000000000001,83.196182965141958
8.6649999999999991,82.680168372012574
8.6699999999999999,82.167354299036546
8.6750000000000007,81.657720895361933
8.6799999999999997,81.151248433259909
8.6850000000000005,80.647917307359478
8.6899999999999995,80.147708033890694
8.6950000000000003,79.650601249928769
8.6999999999999993,79.156577712645557
8.7050000000000001,78.665618298564155
8.7100000000000009,78.177704002818714
8.7149999999999999,77.692815938419329
8.7200000000000006,77.210935335519679
8.7249999999999996,76.732043540692061
8.7300000000000004,76.256122016203719
8.7349999999999994,75.783152339300472
8.7400000000000002,75.313116201492576
8.7449999999999992,74.84599540784734
8.75,74.381771876283452
8.7550000000000008,73.920427636871693
8.7599999999999998,73.461944831139576
8.7650000000000006,73.006305711378957
8.7699999999999996,72.553492639960965
8.7750000000000004,72.103488088650593
8.7799999999999994,71.656274637930707
8.7850000000000001,71.211834976326188
8.7899999999999991,70.770151899735041
8.7949999999999999,70.331208310760715
8.8000000000000007,69.894987218051725
8.8049999999999997,69.461471735643642
8.8100000000000005,69.036314186767029
8.8149999999999995,68.624038562314553
8.8200000000000003,68.231243792138514
8.8249999999999993,67.866592216107392
8.8300000000000001,67.534216194786794
8.8350000000000009,67.242354540127494
8.8399999999999999,66.996715285730062
8.8450000000000006,66.800969737023763
8.8499999999999996,66.663937446378668
8.8550000000000004,66.588616415888907
8.8599999999999994,66.57953154238767
8.8650000000000002,66.642044153603209
8.8699999999999992,66.778423214633349
8.875,66.993009037063686
8.8800000000000008,67.288296950671594
8.8849999999999998,67.665716805247385
8.8900000000000006,68.128261651428687
8.8949999999999996,68.676244743100881
8.9000000000000004,69.310245472052458
8.9049999999999994,70.030466934884402
8.9100000000000001,70.836381883416365
8.9149999999999991,71.7269138080391
8.9199999999999999,72.700230680114188
8.9250000000000007,73.754969476472937
8.9299999999999997,74.887117961564684
8.9350000000000005,76.094263673355755
8.9399999999999995,77.373043681429735
8.9450000000000003,78.718152452432449
8.9499999999999993,80.126517447889427
8.9550000000000001,81.591963168579923
8.9600000000000009,83.109176094175695
8.9649999999999999,84.674528593904824
8.9700000000000006,86.278548436114789
8.9749999999999996,87.917021078934752
8.9800000000000004,89.583770847412893
8.9849999999999994,91.270188052527274
8.9900000000000002,92.971845512300717
8.9949999999999992,94.679862350927223
9,96.38758541000918
9.0050000000000008,98.090385611545457
9.0099999999999998,99.776955251884345
9.0150000000000006,101.44289546271833
9.0199999999999996,103.08142214711246
9.0250000000000004,104.6840732631802
9.0299999999999994,106.24676561266548
9.0350000000000001,107.76130840691172
9.0399999999999991,109.22204163032566
9.0449999999999999,110.62532359814401
9.0500000000000007,111.96228460030841
9.0549999999999997,113.23007828546412
9.0600000000000005,114.42416873673982
9.0649999999999995,115.53923277120295
9.0700000000000003,116.57338654909454
9.0749999999999993,117.52200055290439
9.0800000000000001,118.382709656773
9.0850000000000009,119.15411926422115
9.0899999999999999,119.83327117932967
9.0950000000000006,120.41989356398544
9.0999999999999996,120.91327843424625
9.1050000000000004,121.31343612663377
9.1099999999999994,121.62099078329814
9.1150000000000002,121.8371475973108
9.1199999999999992,121.9636664375052
9.125,122.0020115990841
9.1300000000000008,121.95625784445249
9.1349999999999998,121.82882723123538
9.1400000000000006,121.62307187370098
9.1449999999999996,121.34431716833237
9.1500000000000004,120.99579353348102
9.1549999999999994,120.58363480501995
9.1600000000000001,120.11316065435039
9.1649999999999991,119.58804278095654
9.1699999999999999,119.0177890291917
9.1750000000000007,118.40665787164738
9.1799999999999997,117.76086839985044
9.1850000000000005,117.0890708531593
9.1899999999999995,116.39572581144168
9.1950000000000003,115.68975922006388
9.1999999999999993,114.97800005082296
9.2050000000000001,114.26486245488242
9.2100000000000009,113.55614801145981
9.2149999999999999,112.85182928647153
9.2200000000000006,112.15187901598695
9.2249999999999996,111.45627010517913
9.2300000000000004,110.76497562727177
9.2349999999999994,110.07796882250042
9.2400000000000002,109.39522309707283
9.2449999999999992,108.71671202214391
9.25,108.04240933278851
9.2550000000000008,107.37228892698745
9.2599999999999998,106.70632486461656
9.2650000000000006,106.04449136644189
9.2699999999999996,105.38676281312219
9.2750000000000004,104.73311374421651
9.2799999999999994,104.08351885720103
9.2850000000000001,103.43795300648588
9.2899999999999991,102.79639120244511
9.2949999999999999,102.15880861044738
9.3000000000000007,101.52518054989562
9.3049999999999997,100.89548249327144
9.3100000000000005,100.26969006518458
9.3149999999999995,99.647779041431505
9.3200000000000003,99.029725348055393
9.3249999999999993,98.415505060416109
9.3300000000000001,97.805094402262895
9.3350000000000009,97.198469744814346
9.3399999999999999,96.595607605843952
9.3450000000000006,95.996484648770831
9.3499999999999996,95.401077681757414
9.3550000000000004,94.809363656809012
9.3599999999999994,94.221319668885315
9.3650000000000002,93.636922955010121
9.3699999999999992,93.056150893393436
9.375,92.47898100255361
9.3800000000000008,91.905390940447276
9.3849999999999998,91.335358503606088
9.3900000000000006,90.768861626275083
9.3949999999999996,90.205878379560133
9.4000000000000004,89.646386970577922
9.4049999999999994,89.090365741614207
9.4100000000000001,88.537793169282367
9.4149999999999991,87.988647863693998
9.4199999999999999,87.4429085676272
9.4250000000000007,86.900554155706644
9.4299999999999997,86.361563633584794
9.4350000000000005,85.82591613712799
9.4399999999999995,85.293590931611035
9.4450000000000003,84.764567410912662
9.4499999999999993,84.238825096719353
9.4550000000000001,83.716343637731342
9.4600000000000009,83.197102808875812
9.4649999999999999,82.681082510523467
9.4700000000000006,82.168262767710075
9.4749999999999996,81.658623729365061
9.4800000000000004,81.152145667540566
9.4849999999999994,80.648808976649406
9.4900000000000002,80.14859417270587
9.4949999999999992,79.651481892571837
9.5,79.157452893205658
9.5050000000000008,78.666488050919085
9.5099999999999998,78.178568360636689
9.5150000000000006,77.693674935159038
9.5199999999999996,77.211789004432973
9.5250000000000004,76.73289191482354
9.5299999999999994,76.256965128394086
9.5350000000000001,75.78399022218575
9.5399999999999991,75.313948887507394
9.5449999999999999,74.846822929224373
9.5500000000000007,74.382594265055772
9.5549999999999997,73.921244924874017
9.5600000000000005,73.462757050008676
9.5649999999999995,73.007112892555966
9.5700000000000003,72.554294814690678
9.5749999999999993,72.104285287985647
9.5800000000000001,71.657066892730228
9.5850000000000009,71.212622317258038
9.5899999999999999,70.770934357276928
9.5950000000000006,70.331985915200974
9.5999999999999996,69.895759999491545
9.6050000000000004,69.462239723996916
9.6099999999999994,69.037077411762738
9.6150000000000002,68.624797054305674
9.6199999999999992,68.23199758052597
9.625,67.867341330054614
9.6300000000000008,67.534960663218143
9.6349999999999998,67.243094392032546
9.6400000000000006,66.997450549441396
9.6449999999999996,66.801700442881867
9.6500000000000004,66.664663620166436
9.6549999999999994,66.589338084519667
9.6600000000000001,66.580248739468573
9.6649999999999991,66.642756906132831
9.6699999999999999,66.779131544838123
9.6750000000000007,66.993712970617807
9.6799999999999997,67.288996514579665
9.6850000000000005,67.666412028138041
9.6899999999999995,68.128952560445981
9.6950000000000003,68.676931365551582
9.6999999999999993,69.310927832720594
9.7050000000000001,70.031145058031129
9.7100000000000009,70.837055796732244
9.7149999999999999,71.72758353795561
9.7200000000000006,72.700896253089439
9.7249999999999996,73.755630918348601
9.7300000000000004,74.887775298195834
9.7349999999999994,76.094916930417511
9.7400000000000002,77.373692884336748
9.7449999999999992,78.718797626404964
9.75,80.127158617979205
9.7550000000000008,81.592600359788719
9.7599999999999998,83.109809331239504
9.7650000000000006,84.675157901395153
9.7699999999999996,86.279173838430438
9.7750000000000004,87.91764260031772
9.7799999999999994,89.584388511940887
9.7850000000000001,91.270801884117887
9.7899999999999991,92.972455534712168
9.7949999999999999,94.680468587760728
9.8000000000000007,96.388187886719024
9.8049999999999997,98.090984351452207
9.8100000000000005,99.77755027816842
9.8149999999999995,101.44348679841363
9.8200000000000003,103.08200981285962
9.8249999999999993,104.68465728161479
9.8300000000000001,106.24734600629398
9.8350000000000009,107.76188519816573
9.8399999999999999,109.22261484149533
9.8450000000000006,110.62589325125597
9.8499999999999996,111.96285071728238
9.8550000000000004,113.23064088761376
9.8599999999999994,114.4247278452246
9.8650000000000002,115.53978840961246
9.8699999999999992,116.57393874011689
9.875,117.52254931802749
9.8800000000000008,118.38325501682583
9.8849999999999998,119.15466124021181
9.8900000000000006,119.83380979218343
9.8949999999999996,120.42042883403958
9.9000000000000004,120.91381038258427
9.9049999999999994,121.31396477322374
9.9100000000000001,121.62151614836371
9.9149999999999991,121.83766970204337
9.9199999999999999,121.96418530810222
9.9250000000000007,122.00252725469349
9.9299999999999997,121.95677030499472
9.9350000000000005,121.82933651695656
9.9399999999999995,121.62357800042446
9.9450000000000003,121.34482015563532
9.9499999999999993,120.99629340246003
9.9550000000000001,120.58413157408128
9.9600000000000009,120.11365434278861
9.9649999999999999,119.58853340777044
9.9700000000000006,119.01827661344146
9.9749999999999996,118.40714243224946
9.9800000000000004,117.76134995556676
9.9849999999999994,117.0895494226252
9.9900000000000002,116.39620141314295
9.9949999999999992,115.69023187240627
